3527988253
716181669
2764428175
2066790065
1241235223
3073718594
3366643513
3727972894
281907224
757029343
1369739774
3586225939
3470924769
923198453
1285950355
1137341318
3119537383
1549953501
466095777
3513165834
3221332802
3541132988
3227809336
3817320390
2664867390
2870334797
2475041617
1112186097
913766973
3897521058
3083406673
2326800821
3038791797
3554619876
3212948693
2348727388
3750770795
2930165317
973653930
2280807979
1686325214
2739984414
3913580721
3868441369
1085303801
689309887
3175982122
3027785188
1931420454
592485012
729324863
183910370
899394401
432356684
1976026932
2938985315
3461063232
1496610502
4080359841
2375317694
1056125786
4188199510
115636944
236050099
2760218146
1412154120
533640882
3988671127
363599216
1464375385
1107002224
333084045
2664661001
1040922300
1918414887
3455755066
1676914618
1528956956
3761028020
3718059661
1171764809
1441321088
1811188512
43344513
989214017
1036952442
1455946701
1883293729
1448631229
2509226513
3114654712
3720023854
4017349022
1051521043
2352421614
1790001227
1436839742
1820225495
3052032021
2953276573
115294002
2602527247
561080275
4212420840
335962141
2809891559
2130534253
798852937
1984585209
2252079185
2011034929
2747763967
2950255560
1986101872
1167415575
3403753820
669122317
3016177084
1186663653
2488822412
905637694
3045710980
1125067114
3854844639
4197855384
565472379
259875453
4027556418
551811090
1612866587
2741639790
3639359522
374830102
114011708
1695386411
586022819
2778615250
401537473
1117175408
2434010518
871707524
2112778504
2239777056
1940061518
2521546384
2797721533
177251432
3736233478
2346219613
4250413729
3707625823
3198668615
786522103
734242159
1639167738
2442433521
729837719
1476019676
2262354260
1241571465
3166040178
2498519125
1233836917
73172920
2437732830
2138635746
932272605
152255500
3125604711
356955642
1918854661
1159055691
3979822149
2381266865
636661064
1378030530
1354255494
1492284319
320196992
3163445308
800925546
3057003415
2356655663
2604404647
258761851
1987904244
889812837
2640143441
1179194063
510352103
3558800567
695133865
252201977
595352009
712502841
535304577
1921829852
1335113162
3417853820
547755142
674554874
3917789559
199033441
1535953790
1581320868
3442022793
1062566086
1502961190
2468028722
3848325666
1506038009
1602609248
1723569852
1970446723
1621985097
4007857805
3659351891
3726882011
90886828
4067169923
2394197955
997876518
2967395253
2121152790
753070360
2310272386
15148331
4055691746
3667553705
1468721203
1351863253
2066539355
2848144012
1690443284
1615467813
2103773779
2758634185
2633199871
4130781453
4288968683
3031232559
32746682
384950416
1573750928
3970959816
4017219298
625052512
456607369
571641107
368985850
3882714977
4063157786
3619139810
1814973002
2141871216
2008885229
803413333
3996304405
2009476990
1373242060
2713286512
577215587
1837868401
760062653
1585233328
2480272527
341342325
825462099
3851454363
2945550695
986040934
3189070182
1126038681
709669306
1619785658
1514249867
3635519400
2958359735
2414239946
932242904
3982865268
2966008321
3238550054
2480485914
958123831
235662126
660653903
3980973172
3792706162
3286785887
1899699704
1016828466
3414546741
3255573808
2603541515
1024588947
692857176
3190663241
1614596079
2432081945
153117719
1847532153
1281361409
4254442806
1033229967
4132032677
1243090163
1552174124
1109383249
2565699887
1474817446
3952320582
1243180233
3537325575
4108021799
2625740635
1722944501
2182910624
3042219421
1852203317
2134381021
1460022446
3911029233
2148279333
2202403092
120213228
2315684373
4233033154
2822478
1068423755
1061910294
749494048
3456857223
625397431
197036706
2979804724
1507415960
3384233285
1598105814
3349637044
2684055277
1708340791
1569402692
443398749
2287511458
1322016518
611517856
581071424
1579267665
2799329403
618631541
196768060
3580872593
4164765745
2064975109
4105594518
3207074902
4232832030
3165217706
43724758
622349549
1164167387
2024123260
3064147502
2182617974
4071076072
2570006616
3243067920
719736602
3593200829
2960770177
2542453295
2327735871
1620829959
3582597207
715374831
2123193255
3652970288
2526434648
1676053179
1074492391
4015036285
1361261061
143020892
3379134638
2500726656
2441252354
2404311491
2715138310
1721851020
1125715693
4234772692
1085061504
1517234553
656235562
998051112
1488482884
2846391885
2600442869
2081099705
3920651863
2129903626
2034150730
545012741
1772253808
547769602
1013820496
1871623909
320046215
1313657290
2409868012
298595778
1470358376
308983074
1471972750
2477037685
1158744679
134260752
3236787990
3586908663
355499159
3344634451
3210187538
1131397937
1045777833
565755308
1873786593
1496474636
1744930096
3643748084
224936955
280900272
2670736432
2873001449
3518034990
1299482836
2437776890
1325661647
3534280420
931066182
1280793642
776374297
1021811803
3195010457
2469577765
1136834249
1828441895
4123168074
3029552984
1841821799
3353957221
3669515123
3906287179
477940809
1146712001
1825473396
2741673800
3241215972
1309145293
3876691683
321880199
2365926857
2220357666
2885145598
2200163467
1939255120
2200038746
3196057981
3640511161
2815026841
1499486556
2661036892
457280652
2376370660
614789738
3832170040
2459459445
1882197741
1224989964
1474465231
1104394558
2014939850
2805820713
93171999
1396882515
1979311977
210859896
3687475707
662615815
4137854977
720752088
2979684667
1310324922
1359244983
1514950992
2605879878
1725433110
825906799
2690749436
372988463
17420387
3964847219
1253632770
1426245764
553702415
1284228536
1607112226
479374300
2864695265
1273424297
2334454746
2423619841
1618413664
3409756783
1438824658
3077027250
1083153226
2706303298
2242489924
2039549827
3746937866
2467820024
654949081
7937525
900889587
611111724
783881009
117416963
453475912
3394969369
127969943
763677081
3154033035
1583364377
3715016916
1076730311
2252513814
3588265770
560133499
3695215009
130586616
1220608353
4019903478
2431827712
1812284646
2724306631
3263750800
2393257770
1986892705
2092809758
1108464325
2946863762
3852881252
2334885834
934277274
3611067564
3637879941
850070199
3694336496
2746953644
2305216002
2850561796
3876244860
389608843
773165702
1611942381
3189783224
545088282
2288026271
3990935522
2344581811
2561278005
4226327626
92048287
267347599
3020393211
3679375959
1514039687
2409419864
2119716625
512586089
2835641167
265162277
3127961293
397522080
2740321074
640896104
2849479113
137015104
1178359912
3638477582
412711284
129799842
1400663433
800374523
853493804
1077748269
2705480667
1428166160
2882949437
4042770992
1972144774
2388968260
267802588
3716230524
3899097139
1463212557
3777687055
532326343
1469073732
2836304539
964281463
3680849731
2213739232
2287579293
2677750582
2710113651
4186610126
2350148289
2492425407
2224998863
2202644995
2139046439
3940754899
2467842246
4277995953
1659987455
2998779827
1445714215
1765161276
2477234637
2070833692
3504890471
2059172055
2967247436
392040931
1109961810
358747610
985636637
3089125131
3575201415
409026266
2462067411
1599312123
3546296194
4250872006
1920149486
2650506229
2998938208
187137560
3182495776
810524740
3269093970
517687621
4124648917
344939028
2129464441
1696781146
3012184
553061024
3252555853
235860171
2400986004
611105292
2071854592
4223024428
724545100
1853202285
3202998031
4029680836
4006242909
3952865587
3032375694
3814265055
1259899133
4026573594
2477706155
4145210410
2878056300
3502791631
868546600
1728391223
3156334771
607775806
3603981960
751361995
3484842411
1325092543
1691870219
1744576612
3111185447
3618124695
29135501
1625431704
2354375423
1946295338
2269946449
2784343109
1024807574
2952180910
2801277543
984819130
4181435287
2328232735
3171681946
894551912
770860802
1896173022
2165064001
443285596
2741965078
1860347875
2382890069
3934352007
2361431767
1956500801
767169947
3757264874
3198787373
4080680507
3566829472
203948581
1901404003
4176044948
175391283
1696781573
3395390348
47725012
2585161408
77283259
2551314299
3653208529
3431462449
2271905252
4171666138
948748000
1493905120
3053216906
4147045140
979433303
2663962456
2739659072
721249762
2763990727
458746795
2469921152
526967003
3354396482
910059280
225004065
2732608485
3111637025
3210408831
2484663437
3214418217
460165653
1877904049
1851160946
217498746
2497713886
2005318714
4119410938
3348376076
2825806380
1898692165
3958603314
208659491
2599079723
2592343748
1360521500
2251403945
2094185293
1067833700
703757706
4263326638
914852991
3733754726
2984255198
2519072766
972308660
524529109
24017481
1813806318
3978337924
406351636
423842064
4194334063
3438168775
3076278732
2101927501
3940762126
686061372
436304449
774097215
3182231298
1596276789
1925538792
2468046111
4125746182
2868186176
3406481128
3708130383
3767604387
2190794618
2248299603
2268242169
2512277684
4082635089
2875611825
734657229
3463330833
184860194
3774547280
47333718
3328338841
1885564182
214208031
69694928
845808966
4070116444
654225414
754197770
2215321711
3514720754
1993190459
3549026822
2984596462
549813863
3798389888
109891951
2067548427
3833426910
163321561
3244166317
783094483
2366723537
650610730
3636045212
377351100
1439589324
1608740719
355841318
2707117013
1935200705
2543768065
1316707048
3603639364
3568003150
829842330
1094629289
626574984
1690645338
4082999917
378546856
1267347777
2227746878
2474128023
265333171
811727136
1515347497
1992147157
752068228
3127711298
287262863
231558168
2516462520
2672568746
2068981158
2799956886
2342702984
1835305666
2805669935
403002678
3115034772
3899844871
4238591047
1043713938
3696295865
3198949613
2789784778
1812303808
3624353032
2959991100
1173535999
1671239027
3477725459
446445680
1783868010
2703122675
1446891119
2517326640
2340720028
3595552807
1934886526
4193673909
3173857299
2824014665
1632154580
2492168885
730852322
3608272074
2700027489
3283410139
3354801357
4288743116
2436457004
420497981
3451566888
2766612052
2796690442
2600585065
3724295260
2591696696
3117495587
931204565
696879413
1729939018
747290265
4056200292
2985804443
2163065387
834546270
816949695
130441522
1073272323
3499963180
2581189248
2700947430
58222028
2985388643
2312898516
3780688189
614214553
3075188955
569137414
1508318267
3272326133
3779055192
2716257084
3062134704
2440166250
4061369825
1181669779
2940342384
3138548479
3378208016
52920183
3145533647
2174639835
1028721201
907147239
3878443108
3449243879
1114308068
2480218000
2901124092
3226801697
1765269350
2599894796
2597650956
1513701185
3383688255
717626882
456394691
1063526722
1139825126
2615708847
3851256526
1053784589
2434081818
502018100
868278036
3313941881
3852831306
2296534277
1153458637
15359925
3107031613
9292202
171313859
3241413727
810521124
2844211891
1646451871
594177047
2099141212
583596705
1142892424
2361230023
793246707
1197716864
204799173
936952100
4290880896
3071349327
2266864539
3844657867
1965615018
4031053370
3312997973
1019675166
3088321301
751076609
2419010227
3038397242
3634058738
1208017650
1734629846
2412053374
4067459724
3842259801
2618090646
2238111686
2221718277
2869698484
744239635
215497303
3762696946
3487326272
4169633987
3571038904
3063748616
481397313
1826643670
