2551049411
2117712982
3409777232
1101425664
602819417
1895220889
1979210359
703794293
1205070627
641643708
2525650333
4291659083
1669929962
2908244816
571914399
552272410
1964234305
1308004839
565578585
4292806530
2012484957
3189173879
377546203
642410609
137459180
1409138633
2804433551
3391398708
1412127362
155240756
1461951484
637714959
2085946429
3976301442
2415462993
3302287835
2536625221
2912844428
3261862907
1821083585
1130539049
519354055
1965944066
264378048
2199012143
173294820
361511713
1136192078
1969883677
4065328303
3642380042
2327572324
2104579193
1154952965
2309794664
1297032000
1921512644
344472037
1465649933
2858609504
3221180382
124786308
1242423955
2633161348
3358692483
2405775414
3546891659
405400677
934374083
752157718
2427564876
520943990
2202800352
1416716999
1117079956
2728248898
2514095990
915583404
3354173780
3398848908
2323774499
1072087892
2667229024
1688082465
3748674474
3388844392
1654776853
824622913
3296866849
201557287
3988708365
4237088421
2212337801
3612684598
2600857734
3414364388
3033469664
2825614764
3238238625
1247925859
3317431637
3694351866
1921031233
3295629475
1512563337
4135888328
2995025924
4221688263
4166837171
2755279320
1269705417
421257351
1131764698
1557938783
1766321560
190094121
344647708
1505814559
2202692917
2932813002
2850627428
3928724763
325746858
2565566462
3701283649
1872787470
1523160087
1451663923
3164916132
598422608
4133559669
2142456886
287692198
31267116
498281689
1772732232
2331151059
2210485649
3441752751
691099082
1194170894
3419181670
3543932209
2652105876
2450051982
2373625659
180189611
1907272282
3794290549
2455375070
2767996727
4126347265
3415720681
7601310
2733184876
3099203720
1134233655
3792716099
825464881
2057343777
1416541787
2512146703
3743506943
53562389
1491051963
1102927781
1237695862
3834291093
3999874172
2274796521
408584872
196671394
422434044
1291923451
448159309
2355684734
1256494212
1470227009
96515056
1342607685
402785065
4067059999
2380130970
2018141697
2079859352
1414222812
1298061010
383746565
3739812746
2815953894
2648344990
3081207975
972724885
1105887778
774708512
3038458359
3160670940
182939242
1034185258
3741061277
647966224
1286007407
3735705529
513796018
830876255
1873095398
810608628
359632763
1129089
1795212469
3482222348
905727105
3391348202
3292920209
2423635075
475156066
2292875798
2568430948
3426758598
235336397
3563778131
2257876863
2599921503
3145904124
3750710800
215659385
720893801
2984194776
3475093930
1003929230
1655822717
2261450058
1578591655
496913491
323583011
238309359
2600912051
2518326558
837392976
49717546
1000920713
1011586798
4211246014
1372118336
3548288400
1796951349
1975788322
2032180289
2095458253
1146769375
1940708798
2448335092
206164701
1644069316
3042845287
777405803
