2681968398
631544263
936524739
1456287115
1172177221
3157056198
3311751970
4197929473
3711486487
2169430560
3573380683
223163123
1951317744
1255046744
4240636531
4078917607
106356477
28440036
3165825811
4185057286
4099016989
1022641022
592154911
346853754
1758208762
4105294983
350956502
249783983
2398665634
2106708222
3941557327
3292529922
852767517
3801617905
1359684602
1051993306
3443615367
1835332773
3929543184
3154294430
1079721495
2544923388
1445198452
3006976780
488611258
2383371732
1473911395
12061060
3261763573
1487637338
3492704398
3235902670
1600286967
3428370561
1325749063
3735036197
3812975065
4216841963
3702723812
4188641601
1039142160
935461566
123306226
2267922813
2922238073
2304927230
1621366788
727639614
1984779661
1554111928
2818731523
336499625
3651212662
1094367899
161247957
2162113740
3830100515
1289548358
2342735923
2321278412
2537952255
1441527384
1745530343
3774251337
3873980210
988145876
2327499507
755032466
238985733
672522861
2888401412
3378626660
3748050018
1917750962
3280368969
1794533416
1237280229
1060439234
916042441
259158813
2511937906
819919188
4205680825
1273729089
645638100
4219680221
3339250979
4005800366
1678371020
369211682
1236589401
459052571
3221936939
1693500946
583654315
4157398849
674441541
376595713
2492718157
183818097
2324662693
2261107774
901342692
773070443
2020795766
3774721069
3854269104
3200033835
3269078767
3073839602
1381820118
854898520
2028013096
1598168819
3794508896
1522736706
4143211373
1876829020
1217388208
1019233372
330754864
2802210352
1395222375
4028070219
142178617
4277556926
3502933132
2993865952
3366489528
1003687244
1690267285
1090821604
2832930020
4121025409
75260147
3216275740
2087676472
2501754362
3253531609
853529258
2773539382
1882541239
2830504028
2265308785
4195555075
3467930656
2585124457
4060816989
3075145695
394740254
117718560
2705406101
620324173
2588197645
2098288318
642594945
3256074245
443584422
2983716207
3157575560
460411299
2162146653
2512910131
3054005008
3555729263
3808272969
2661457934
2023679633
1744922904
3309334072
4194078009
638806181
1701915769
3456318904
393970744
1949054203
3074646712
1565201760
2965128041
2155193439
2630236244
2523280653
1104721405
181543626
545328056
1451323574
1507651736
337704976
3283280314
2299143054
18431710
3742441584
3323500155
4224810309
4134228088
1080137863
2721548489
1097297276
1510823299
2794823263
3679558544
577812183
2505071626
539691726
922279148
1222775538
2163240927
1749795662
2670271955
849547002
1962305380
3242404920
2877074021
2785923853
92335973
1447026104
2683986656
3146920929
2286337322
3476176875
2088457414
266121523
2230512359
813511600
1718371477
4198580963
1303821717
2873200262
1918564135
1381133689
4244960437
676728093
3440531671
4239481399
2068481644
3075034888
520312771
3655578625
2774283934
3630273219
1421020286
4019435329
3603338670
4061059943
3553892213
2934771372
1668493796
1597184922
3779308566
2513546742
1003832410
2755887162
3438099026
1376885603
543622371
1122477198
1431256478
3647645759
896862686
643728973
662130314
3585095904
2308255171
2929385046
2368959290
1003288528
3639834247
819210724
2518491128
3800662490
67441968
3543338030
3990252131
3331607880
1904040807
409203984
2314063639
2698379831
1188349703
2403578018
1251361965
3226987105
3214647031
1227995527
4057384720
1485205614
3408040549
934041512
2401022325
1417505230
1718062350
5514906
3702170214
2883459772
697854584
1427340029
3728737400
129795073
902129515
3291118858
2461832252
3596524715
457349420
3564946628
3889990943
3522911806
3826238546
4197185369
4190027288
1074919231
3383822280
130365548
2630416091
3083972131
468496073
953143232
3456530365
3853790482
255124717
1179724236
514855547
2825588621
1296561711
3047708538
3135073644
1086005846
45866212
4010070004
1738774127
2929177683
3107575576
2112398943
249344261
3748085544
2918633842
817904472
1237211840
1173692075
1809257881
2198139093
4085756511
502768405
1178284193
4233069752
3443766823
299976370
1157937768
696750874
2661401735
619736164
3882754503
7867956
211831675
1954207738
1656020204
1765551564
1579615520
3646253977
2339268997
3874279111
2345587636
1156100389
2065006662
2057966251
2314554844
607312931
3730858003
1683609498
122992925
4062219117
2524700050
1770007819
4220640480
1454336568
1809523506
598007094
922506759
1316932868
415247493
4158221648
1924058240
1264660949
3954411440
1080159207
3404148356
2354635604
1493922389
2963297203
741640969
4109807093
3642798757
497071861
3178653925
466811122
3902415037
2822285487
500391684
2011702292
3508965187
1075685036
3283498262
1421791376
913598393
1168852933
1420438597
2610662754
3169568341
3560098736
2988917988
1249180603
3973406149
3979388318
1526622468
3628965742
3444745126
276692344
4137538625
3893061813
1637611559
4184103080
2639781948
1507139188
3313750396
761116448
3131334384
2931471714
3097219799
1317978572
881415797
3207522249
4004928118
418888624
525042237
3811322851
3679209816
3682134147
3085005682
4050905445
179259955
300873199
1408413629
1868251139
2503331519
3381195301
2378991519
3593077798
3377031112
3844810120
1317345643
2279231828
369947730
3747626581
2763865247
2493799951
3086301792
2331386140
3907413972
3198853921
3067480727
1261742110
301971972
1158089722
1695361273
4145967041
3071018259
3027520832
8127014
2124136219
131703885
1243247109
3712626465
1195153940
3728300446
393400099
3650628509
2365978513
1711616300
1838855905
3907574362
2249628577
1988677974
4228165640
2473398107
3390005530
2468188198
2554202417
382899737
3132004639
3835063060
3612611472
696209444
1466178583
892831547
314829677
3922515183
2286255891
3405756185
2690550376
665647940
730044923
1218532422
4216655120
1574237141
1113134966
4209075979
2387599043
2028913122
1960486703
2991311499
2478199944
3425498566
1788327122
361245512
2376251981
3458477828
2293374011
4255179087
2374682934
1578330009
673597481
2578422140
1285302055
32115541
623620231
3399390713
375010412
1086668303
3501887015
3826941658
2256784147
3178482699
2361965151
3181084982
144491139
267721754
2095227030
872305329
305137590
2087977869
4273654680
852076311
2107204558
1635192786
3063349247
2972171454
4228766887
1293796482
1175445347
2705977613
904222385
2326187599
1733762060
4180512792
760148967
1815565655
179293500
699164852
342304753
2883833094
4282961983
3853167669
3157229812
2810314039
3879184186
3266113228
4120499862
3849826094
1959152760
3932551556
3709652833
2221172295
2732734318
1395871821
1743172586
1928615053
627783615
973440107
3290261005
4002857979
1025920737
1209276594
1421222740
1503937358
41397843
2566644897
2050589956
1988951022
869605382
2640541629
3266724829
3708971604
636914191
1649385608
28710871
1124097533
1763873072
3869858589
2350949212
401649529
3555175535
3392064230
3694721020
4034910994
2838063450
1800992340
3538782603
3912579829
1651882071
206216367
1594292969
3907346216
546886752
3548009429
585379492
1962529193
1463205111
3328642596
3686091630
3834463759
2620897893
1928652504
512826111
1923006676
2022488903
2582678499
202553775
1174759416
3599226130
703062930
2940199477
2182555997
145135993
3973110855
2331135831
846194104
3071120433
592703214
3310625773
1296412109
909083650
911483923
1830028085
3931346570
2922704397
2390859029
429086959
202191168
2644995910
568163782
1039568525
1735768971
4002729602
344225342
1204533711
1675601074
1274573589
3830281088
1789834822
3745599672
1497282706
1808895390
4238624072
2155726893
1134764750
826284174
3462845774
4096093706
2273459727
3148688123
3645237906
3145989479
1728173922
3389313492
4106391216
3882854629
3504762829
3216563676
1826072257
3910274716
3934503125
1961066964
2526737261
3947329629
1973635267
220009044
3548954249
3906938781
4233093750
1743041509
1817293810
1946467490
2911915895
778038854
4294600480
3468396292
1925763470
551574527
186578003
3135799456
1246169183
31915991
13766488
153095393
86293260
1483596033
4204829981
3836590624
1285074775
1448851589
840089725
3143539010
2362421519
1968986407
3010888459
3177884932
2101684486
1667792613
2828480506
1989434222
2848280882
216173447
3301198052
2441373684
2049664041
1856432932
2144998479
3401234056
1396336665
3299605996
2242768461
3064226229
47592316
75657249
3987271982
996394204
3363549086
1248755611
3482497344
1198470342
4169610949
2073561933
2508408018
690105132
1860282088
1537618104
295763014
3594303851
979187316
2773787177
2784696061
919539807
2273759439
2753766151
1916474440
1323564696
4224547681
2619597968
3094056194
2465025297
3351072149
3077836913
13821975
135611721
1621347070
3632713730
2586305717
3437315129
1004357070
1483624912
1792205754
779055797
385437158
3714913261
525801883
766912147
2662941570
560268097
2081158164
1105409020
196248540
3779996125
1440687864
2641357104
2384008554
2546580902
1077595578
1653760052
3070766669
2224858958
4073514274
2788300524
777479721
2953239969
3065830233
1175281003
274779257
4221711860
1993109582
2628461676
3872497075
4131065447
3740327727
4160254407
604409084
1849079070
3489397157
3114182087
3614105718
2041744161
1358684043
2348116560
2989018140
2252348545
3155550767
3619977853
2131400729
3695687759
1847338416
878374028
3570564938
499891067
2462455951
2647899212
650438422
2574394
868338337
226003080
2476067009
1000233225
3067312545
4113711935
2471268148
4059509560
2940671043
4073775430
44506355
4147369780
3627563262
1262802426
4097686318
3976785779
4131343999
926329008
2075684151
2465445685
2372825690
2001581118
3552872596
2976737999
891649748
346606994
215778008
3160637513
2306433801
4294521769
825164851
102678756
707749219
610463114
3965602086
2410854582
1701156618
1667985352
2537981997
280786562
3951007842
2293648196
1579415997
2884973917
2505627610
2220891042
1897286173
1767034336
1415654527
1342245222
2792008752
1351567023
3384095868
1957987009
2910109060
3651441051
1840024026
3960640257
2446483601
999125649
1892426773
3930928016
3266447639
2972659077
1766091515
824172098
1297537657
2862185579
4029648730
2881542349
728025103
2090458733
2616588534
3290087776
2139118775
3673520050
2211600439
3013280646
1214786220
743767918
2339074981
350125610
3139779938
2017491656
2918838302
1943803064
2061798458
1917268637
2393741604
3882386668
245837939
1735190154
2469140159
2711909292
1159564423
2016102147
4050997447
2940870685
1144097642
2196538412
1709354536
3660384793
2484120419
1682607388
2426021497
4079839981
3332011141
3012789207
2687264191
2997902488
4257681691
3614736768
1906358713
1383274792
2387082398
2281106110
877778625
2232836996
1534372787
902460693
1544465164
218180412
456873215
4034558082
1180377234
754619776
1656783069
3580453141
2589647022
1310757312
3551718976
3856631566
3919043211
2526885652
3924607467
4054660726
1634571077
346028109
2090709505
1208628135
3571482778
2820454820
3345706272
983941798
22156023
1224221750
1302811533
2912797049
4044596933
696707042
2330980789
2600336813
77213672
4041728515
1595181107
1295864292
4276790830
1176430965
635608518
201632158
1523826606
1012235252
1408255068
2770581832
2128437203
952865707
1324892476
929168359
673764551
1214037910
2627371586
446850890
1753956568
3222735360
4141443410
3936643356
98740958
686041009
1063164850
614250087
1452701013
944928177
217752873
2619972514
419408354
2081154928
2875231793
3950250507
1775513653
938220175
3949315079
2495097091
2079115811
4161927687
741909766
1559416250
2303945029
3078819116
2562412250
341970681
1439727466
3094673408
3196918853
2279877587
3613810874
161536150
3613546016
2063136860
3153415591
2038469466
1995651967
3767501534
1188010844
3805771536
2859711786
2997889094
644508108
2415222955
1358838270
3355529566
2954610987
2533194726
3115555156
4026658283
945632650
2158065726
3551603157
3242240782
2117194494
4024051661
2966557496
3816331418
2796667903
3251923559
3869291415
844640301
2852720728
2014237409
3693268328
1048386467
1883186229
1691262481
3808715742
4047234530
723320945
2520252078
3910027205
552409868
892599510
886737432
1410362417
1831946761
3160794430
1637372595
2364466827
3785692608
1487867728
2036588188
2894244702
1540943249
2464939080
3126912227
3403381031
320344925
621168458
1364069304
1928206878
3099411055
1848386424
3315669861
823976754
2635608868
556284673
2172170632
3545066906
4287271482
48773008
78249692
1590739018
2695002576
1780671906
2587918877
4017338118
1365433446
1047512286
147798959
3475277468
2212357458
2703292322
2748351713
3491213084
3081212080
2392969537
482098452
1602363730
2372097515
1374137906
3877488797
309446306
492753635
3557441608
2163903857
4254780157
996900245
3532421018
3096224668
3970497546
4156038158
2499913586
3685340965
1013374314
563535229
1549439418
1943743160
2134663333
3713207935
1996099056
155811087
3551988927
1872748965
2113162038
878618031
2145057544
4146651041
318683950
2837564936
2655954084
218854426
3977554820
76602605
3596794913
1403570828
2289860368
937614169
3707013138
2666310571
3652295553
1588771497
2360936940
4131467647
1103279668
3866876763
1195820431
2213379079
1533411642
2679183537
978905780
3560520994
3727710055
1653330456
1419181242
3961272047
1559420364
2252639159
291546206
3856653015
3984508707
2095977183
37156391
1318363384
3919359812
1565065128
176980305
3517060937
353986000
3436726551
1038708612
2658782206
700609351
2264776960
1343003786
681350442
2414595376
4294146427
559313020
2887289409
3355164761
4119977114
4206048852
89259817
1589321845
4165015927
622394319
1392416745
670362385
167676915
502400053
3732705029
2687078075
3984327405
1970280810
191484523
1560829325
690055237
3714206814
3421399389
2175266373
898602189
1655559361
2503217668
4231865726
1428569623
1498675722
3234785936
206085929
842562007
3515505038
2880314219
919152406
2687668056
2494370688
2575377711
2973978938
1401313697
832787771
506381105
1452176033
496682493
2831517013
3709173728
3629989571
1661831666
3459438073
1890532199
2488369329
871294423
1622167274
1545099829
758572431
1557534135
2561992877
1140406913
2494987501
3518720587
3917884030
3930431639
2583296588
3977411523
914057510
4166189028
1636560294
2043610256
696731603
3223840135
1222374029
2871267732
3350747142
1275013844
1202373137
3709818633
2440814492
664736694
405655191
3265863631
1273905822
579505035
1524557480
4024166421
799985943
3613238795
210178773
1391292839
2263038116
2915488438
2470343549
1567748591
640311277
967295611
4221041641
2999361593
3907624470
1182759052
3404461865
1473460711
4135488256
1722726780
2855984317
3494559030
1215211663
283529143
984299155
3005406703
2807875842
1699671781
3408296682
572229328
1184344913
2348120434
2294431830
570293044
2835530953
445114670
1641093529
2085173471
2899522169
2788296351
2483366675
550489402
2638494986
1625359180
2912039431
3578155320
2657770179
212631683
3068077878
863499238
3190113529
3886716501
1695569113
2612113308
546373457
410539090
1631213392
1667122963
3217363875
1591301399
2773150048
1827732143
4122427633
4210506354
4035275016
2944887821
3284218479
887962572
369728204
3446589495
3094982719
103626895
4258286137
1068937598
962669411
3237358356
1421894110
684286837
1310680315
2285477833
4270493208
673944472
362689628
4031771135
3889974176
2233021308
1668526195
2893953218
3463190174
3268599864
21052804
2832408525
206740863
1130229602
606229094
1594677778
1759498362
3560613116
3721401750
1897779309
2779270869
1295212664
1762001919
3003880134
138576612
571242023
2432186653
1943049459
2091276122
257030815
2940743302
4291722891
536447565
4168029897
242101553
3016774344
230058746
2845487651
2128442020
2360718736
2119056889
3880211408
4025994562
258918821
3851198022
4211189882
916711051
2116104893
22729774
2205398497
2678671330
974744377
1674516991
2743427627
1588498487
3303703032
274203950
1852396746
1594383963
3670977502
1908210411
3166303959
1331780166
828661930
47259246
3720855481
2468633537
1627624424
4277334928
2433871200
2197613089
1335745407
984849523
3762270793
3990401131
2751481392
4197074449
4094406643
3596580517
3122515124
2501106781
1914525263
3745074302
2725330932
779548921
3803865761
1872308866
3050441795
547600313
3722205907
926465682
2519997914
1654701823
1963989746
1797905764
2255298459
1417366457
4198964148
468865724
3431938886
370116858
2259211198
842669762
355094301
161389734
3323474210
3816695886
2600814036
2570188302
2302261416
296094427
2215037115
1310164424
1972038292
2036400019
1385993355
38589584
2918042637
2301117050
3831563216
3163918703
2720291666
1906600683
3668327411
735391114
425901355
3472035572
59157432
930887150
776647048
2054749038
3460643224
1356910734
2578514998
4163619562
3458148343
3252350340
1931472053
2577403501
2914387453
2855932084
1123050027
3521537966
1515497786
748577153
1029219228
3415782929
3742589533
4193752172
3257377142
2544310614
2205938950
4290110326
1452677666
499534026
2573327995
679006363
1109156132
1396369525
19691277
828675976
1747549346
2094770503
4207738918
3029462820
1283187566
1618570777
3664314498
1762717285
1012784803
2579494823
1226417835
831978579
3743717491
1329562777
3643421436
223122453
603272258
3920810922
2408109207
3127410010
1695199318
2564491751
1666714992
1796327775
2020364448
3926246038
1274193969
3230293210
1487971880
1616967832
2624869532
1447766584
2113464522
3389877295
926993829
1634897641
1026506385
350540704
3401016441
3367139062
3152970937
336398620
3657739303
9158519
1535165341
1283720900
2835066955
2696615096
2353068288
1965499768
118048595
4193485667
805241682
3971961464
3733692608
4159466166
1363394568
199824612
3834903186
522881002
392353392
796864063
640911056
3019684059
950028791
1962665170
3090928896
3532182946
2476126784
524030955
1648686397
4016072540
3031345031
2211272294
1653137304
3246918231
1164214408
4059564132
1838118986
1920588137
2068607057
3083205740
2069982082
1172181313
1919531042
3133983185
1340626427
2636160063
3834284541
3256809710
3876454124
697001560
1622904900
1457030241
887731212
194592741
2566402701
3702153359
1696772448
2955597470
173395937
741615769
1827518295
919310658
1836754740
2168668707
3901461318
1294906610
2815635419
3537218074
1750544665
848887749
70856149
2625489807
3658077119
595331028
691665365
1873557310
1062541247
3797877854
1710633579
847178293
1699990852
4241427903
549901162
981479204
1807818253
1821345155
302806379
3368966119
4179835561
1221668831
3424806
471673992
1804733208
781538951
3665456842
1326384614
2316465207
2425131579
4182487082
192506605
3620163854
2396075049
3036338728
4161853463
1360417433
2006753793
3040617076
1350804065
2540455090
3171834011
1666220792
3808257079
1994600702
356292821
2151656285
733491718
496316854
2132568379
1538226969
601122550
886090426
677913293
2452545046
2369651370
267358359
2575140720
1816110877
3268063181
1959127501
3231921172
2955637954
2380372540
2852200537
3705216679
4210537407
1964226310
3787022905
2480972515
2518002835
580705445
735143549
1184294855
3605840330
968514359
2083069568
1751745231
3841044373
795429313
4150061386
2576809710
3229414550
2071866443
3490566419
2495871621
4148837558
4054399775
626686597
2742580105
2786662984
1874605123
4087363366
4172705035
2093444043
4106361656
3489663534
3628398704
3942320139
2028798813
1246044058
358649480
2736445838
3378881738
4001745512
508773625
1458061381
2373007460
4010951287
3873857635
2719957982
2130841582
428488467
2623655089
1023761734
4239508785
554199666
1478711376
4266424119
566987776
1136730360
4225369938
1810690750
1827531401
3016736
3591743675
1382043606
205677911
1620770823
4209686893
3035169887
3230163105
1374701918
3638202359
315517357
2062674010
2433590177
988936565
2502669473
814515633
3696439980
2754114179
1216025455
4075185801
2402241720
418962209
3652789395
1291046498
3533223533
412239172
1514483037
228580792
141098384
2683689717
15297499
982106039
2649476712
480478119
2388310
1664921381
858595757
2936655945
2013308554
3809018312
435404864
3331207890
7688559
3550895485
852961040
1077731085
33975355
1315873928
2049636206
542684229
926466975
1175732645
1359468680
2646815957
1977558966
2458530716
1728717256
3598418752
1639226621
2281685752
4230846038
2587292827
87282965
1667631757
1930950865
2275643396
3744409293
1426518634
2037074592
296264429
2097877231
1206396369
3233515042
1105353239
2781304827
3364820817
1628692885
2474310851
2341321749
2727443488
1404181544
1988550501
2896514785
1229274949
2067870528
138330267
146193397
1262767688
392008999
2832488064
2187870431
1666487791
3773882096
146676273
3128735563
1269121164
4089695106
2882794338
2422440130
2091969803
2948620508
989193284
604587237
3809827585
812222555
1481370996
1329950751
880906308
2214573275
1524512450
802638070
1185755208
2994337245
3153854973
3598935626
1140953972
4139280014
524542056
606420483
2888774331
1412155316
425807576
57323730
4168740378
598705252
3951786420
1649262891
639899518
3194544205
3041909934
2811188480
2965981954
1558855039
1123046140
937856606
2597775032
1997320451
4242855568
781302508
1807805553
1426887006
2493916968
1874967114
1308868
25095841
2034185458
479537851
2802618237
1060188250
389373931
2236901663
2858096541
568717519
2140813149
3025417839
4182313275
3995095277
1706882172
3310134048
55636160
2403704763
1142393099
2058974593
1265313758
4112312540
1774533266
2486382495
1950369730
2265281316
1431329453
697122470
3334944693
2659460614
589567033
3722346530
2736654532
605340927
647222960
2989777133
2610957836
1888975192
1318960648
2201308746
1236380464
255029367
695762542
507796324
1943961331
4179392900
472216299
3660531747
184620675
3123231116
1126236010
2586813196
1487275797
3808799206
162637023
1929529387
1816061639
3370057520
4136177509
1592207602
1732613353
1147709790
1459994751
3708394247
1885098975
2735909552
2330773472
2190779452
2667221028
923788365
2168979748
4223523124
4094607830
2865190766
3980875521
2913756199
343668640
1315254580
2794999694
2771984333
3845753596
1631345835
2033129569
55788028
446891489
2377173840
376446737
2407504291
310725636
1424182456
2716016454
3877419481
2996170632
1079227194
4194001496
1385843660
3700260851
3840727537
2156120856
3691273503
873584735
73413416
1125266795
79536228
3084634971
2158568241
3057852444
931037957
4143864019
4111174051
3756494545
459601591
550685960
3313092257
478827927
2360497808
685583619
2417514482
3703131665
972075067
518093405
224466812
155275989
839637461
654733016
4021110351
2490300257
1452190830
3644959218
3056161402
1669666262
3421494887
906253931
753466569
1551939086
3196975306
3121417634
7543421
531857994
2878651757
4052723089
1739953076
402232141
2068958105
1938634039
4166875181
2338946221
1295890151
1071316032
1192090890
1597822343
2592492056
2351314161
3868949918
704130187
2183992033
1590809407
1632729233
3493516845
455553678
3205887630
920358884
3420697317
2365944241
3965291928
4232375440
1716210626
3501054954
444374084
2310580726
2343946596
2676840316
3082361455
2743295484
4240872170
1756044576
1625133014
2319990317
869164631
601310630
4285770914
2765276800
602653668
3677325795
160306895
1057194437
1505774668
3262897637
758611646
1709957865
1344626292
606536815
2566082940
148094821
765574877
851943927
2180361919
2335606690
1094350161
2140194737
1749762281
709055741
923406926
2393061922
3846993389
113157152
3689595518
195935413
3887870285
4082848675
603951925
47158471
4263128900
776309950
226737073
1905488997
3014606130
1463863583
960089701
992792932
2236623748
4156726915
2210616654
1762011106
693830357
1428727297
572277747
778930573
3054116323
1576521586
2914940476
1401804752
2139836717
1954156916
312415680
1626103184
4064903263
859627927
4055151704
1831705146
3693073406
657772514
2179856973
1990794790
89011819
2898138736
3083877746
1978008925
1101393706
607080036
3269119503
3867914380
1703676557
2473547799
2679479816
1859399948
1859290401
3746920958
319718563
112986221
1236524412
2662649414
624884933
1170941056
716592231
843766887
886035793
1699751062
1629382648
3560385942
336953907
297111861
446315925
1093344629
3234873102
3800433292
2167343166
3042576907
1371396192
1791363821
2241003516
3004683655
1570603094
246583988
795075802
3057527112
1115956436
882352901
3480790192
1640035942
1864835926
2068397389
1722035700
100002620
3344977133
4214885840
3930023150
1049303914
815194973
2394065287
1470469677
3299138092
2754639491
4065228583
11103271
3522647344
2265971465
3333943659
3982197250
3592687149
1817184518
3001868148
1581494857
1822083432
1193499033
3980837505
4260530980
2066639055
1275148297
4291913899
2305793916
793891167
2648402600
2275022423
997565140
4116783070
3788572672
4197355406
2953062831
2238419800
248687146
2725246636
1285132769
927019376
251452307
3629813509
552627043
741186245
4213149301
122879985
3280992054
4010512065
1963583253
2050299862
190925207
3532914287
4172642266
2745795346
2939734149
3120477924
984599451
2374400711
3244518935
4081097036
1133794911
1607310692
3776521980
4190026099
4271487380
3435487166
1359931045
1722561593
3995396691
2505723029
1796679786
3773367225
1715507746
1914168854
2520774452
1452002810
998777923
1330389040
76530463
3848862123
1981017137
2460597465
714108549
152320044
1788006363
3667479436
3752668486
2414506812
3948216249
1274702305
2571265545
2579695990
100887750
1811575383
1896137502
3413550283
2970444255
1663104383
2638636464
1940547568
1310977052
1418933127
3304749071
3897518927
2369372812
214387921
3225286703
2084975207
4181589963
2634914389
1494769972
305385744
2993524403
4279764566
1981232881
1719881992
592713770
3726824308
245040501
2929893605
1196599183
3907531891
2707769027
2044181929
363595531
40270423
894025862
2349924942
2656572704
3010093524
3802632021
487999265
1677676492
1915553284
1284835078
1385230572
3693409238
3810576826
849817688
1896181975
1097632453
2564177631
522339522
1102254000
4021059033
3123241501
2565397847
1655653581
3828412579
2377590667
61812695
2204428446
1916753745
4081550964
4218369452
3200910369
1003747508
3306028536
1381550762
1478351780
1970450344
2507259383
3750069110
948844695
2329253691
40140800
1951605665
1104165893
3641229054
3650580347
460553749
185742274
1629913352
3356894587
3251016523
3217078391
273006500
2363392796
605689061
4196781636
2669772116
3842335027
2964993818
2447096295
1463854345
3412947830
1440764305
1283750474
3949730766
2680780412
2933949033
4127914384
2347500879
4055709030
325616127
2524605671
2168910148
344528798
780616854
3204797509
2049758276
3011031649
3769422716
3865152774
2912799940
341109694
1425712392
3350230390
4024882510
4209168351
162007481
485168183
1872371371
3724777625
3972069714
4191221382
1439188713
3745812170
3936671687
2723678744
1173202077
2732675338
1780178001
2640099877
1005360495
3182905046
1589596322
829886546
2672787404
4088538466
1356230876
3088047028
3541175128
3788077472
330140280
1930886714
642787602
4216635055
3490037301
2831594476
2229228351
1279716911
3253564343
1597880766
2223066276
1395548813
1972737172
2435398182
3137336895
3238528530
74077843
1608538466
1068909568
246992314
3895726012
3118589754
4063286916
559614935
3536291396
1861218349
2312431341
2340542672
860588948
1607000352
508960138
3137011457
3762052367
2209019112
2087972175
1497589429
3557910133
310024654
569322800
2408665698
3594727350
1098886544
3259107386
3762680522
3120853392
2100852994
335071498
1684671103
3058549892
110049262
2184610653
3443441821
511421210
240044286
1486086610
1541076837
1239681326
1852631563
347354921
4217342575
2281157303
1022525778
2246238566
1583052581
1579578174
1566302549
3716679590
2990986080
2877679154
765677296
2112532268
3713410336
3844971602
3115786991
4102599257
2443917730
3812723109
2910927614
562669333
3868727425
2587055658
1687365054
860007070
654416289
1777292624
2084546688
1464485734
2353957038
186152588
1002332975
3643049758
1500936273
2864733964
1779219178
3968740765
246811775
1974339765
700287613
64410972
1275494238
2140379835
2391735820
453442302
1938483635
4220084040
2426505950
4007943674
3499175228
3850103975
3254136368
24879323
382481674
766089330
2910414145
323284868
1783630730
2934870375
1131970610
31174396
3620661942
704026913
1461900645
3314970516
1091340804
2569887699
2184293483
3632927065
467868149
1409206872
2678679567
720272266
4287033318
3938808428
3967431214
3275684334
2581635628
3755164501
2166463723
1993578042
3469728444
1260447498
2655043841
2954138302
2839564541
425461972
847198906
1690852012
181556718
31839164
1508662183
3313177827
2997529972
2888747971
3204703419
2119173813
3818608600
130723663
3899171645
3115351575
2621196673
3491381326
1725220960
2028510743
652892099
1513522356
1530623262
1422139920
3773269513
3409648536
3630115792
1994701450
1444309612
88727378
877684929
2489674822
2402326981
2896951212
3771974356
281795469
2866606204
366023090
2465323197
3036793487
3765796795
1471371874
2403068100
4106012981
2073913040
1847455896
1333904153
4290474004
3108876340
2339876291
1354919299
2565633853
4090816648
3507536639
1055306015
211689529
3995330892
2036508036
3187450308
922109867
1781995839
3499261825
3053906265
195290858
3199750897
2824283682
3660348289
2401730683
54131417
645215926
2980288826
3715936836
689938391
1225886417
3945446507
1059843548
1803761141
4217550948
2739021616
1471639213
2831403852
1745068206
3892586695
315248199
755320544
2608013453
3982796280
1705921503
344015681
2200594428
4213262010
4292105650
1720063965
3344320390
997610434
3681194507
246016091
1373118810
1380670549
1968652608
1064099589
986819959
136900475
3894746524
3284420908
2792028271
583572460
4199206968
3229833290
1920465021
2670010078
1183191886
1567094865
4120736211
3901759996
2439934927
4134538347
2933758798
643402289
4138594512
1743270586
1904269286
4033207211
3707833766
1497926280
203021394
1193492834
2597569954
2548467079
3105985291
1977896495
343240166
3117324811
3013438268
434399396
173591027
2449697936
2148367266
4046172249
3755907964
678096929
3629485112
3138777986
2321468046
681546059
3871556058
1134804904
2591731794
726785102
3494293659
2351015500
3285442709
2170843492
117511476
1463307596
664954558
1557770770
2009004949
1026740034
1284281339
1670194371
2254787374
2273144798
424801014
2432816012
180423263
3537950702
4275095866
3739112296
455086924
693346794
515321593
1916721051
2910476090
715236162
3605003541
4254059831
3060678751
4158226398
502912694
3409779228
3605465765
1539406257
3066538289
3762738069
1108358399
78752258
3038516876
3306329742
399085529
1728432010
3403600353
2811901047
488415701
4072034221
3917314350
2833535193
1347646938
4178278972
690133677
1110803073
1502427698
1900027612
4004256722
1943546110
1311988462
3957957668
960356846
703850637
646498518
1798156991
2133531583
2183649919
3464912413
4184463626
3864139249
2230737353
1686711850
4211189807
29443048
3288393345
2917577230
2331216225
1317620888
3227141629
3052446749
2197185444
841720105
3594988199
232372315
3825572205
1736980532
2142278795
4216179868
321086748
3873478872
2891529716
1481551785
4207655184
2721352646
2908614002
63000592
2541482012
4229030589
2183566262
3966579880
4252323600
1077863733
3660379121
3339779811
1638341686
669611947
4190089098
2952846233
822409449
1767202308
3067454306
2925226783
2079462729
3217863751
1250581961
285998641
3950475070
1653025140
4148674690
1282497195
2891147712
477123831
799183321
2917040392
656533789
2530803682
1575403028
4010188524
1218708707
2668830254
694751170
890350004
1033644496
2890588553
442638540
231363198
3692091556
759038013
3386963811
2524465641
1948633262
2607666088
472466860
3495482995
845945226
2046306715
3972821492
419686365
2291190473
2428797729
1784549827
2358099058
1878456404
3145390720
2359424721
3587892531
3414518651
2143861195
2555718017
667070728
2819827990
4146910695
1982039232
2605319043
2531141183
2619138644
2176739189
1193881595
59947972
113506884
576980003
2194947555
2651482859
3033400814
1786485898
123945866
1266166007
3706533726
960832231
2265399640
1654585727
657406142
97420575
4144855269
3361231589
94211219
1487943535
145712982
1885071203
3259320085
3911726558
3918472462
1803708573
427172813
821961261
974533896
353026528
2442560907
742146881
2378131114
1958559221
2999564798
3898069794
144854863
1700705985
3154232833
2387962550
2172329346
2504818265
3721886653
1945019093
1238719988
294763913
2341457817
1877693483
2820835076
1135750148
3724875650
2271488003
3006780415
4225638724
1499799303
2140331040
2240599737
3715046598
1789822347
2022668413
303369920
1016839024
2105724666
4182830095
2137140519
4057812202
3716653639
1524770638
1768929435
13947547
3066776112
1782806353
1041945457
1275308197
2305011317
112298417
1275749075
2676831505
357653926
1915283113
669896375
2773705569
125751966
281554557
2323934384
3461238525
851054525
4122572254
3927534738
33463600
2032051046
4211630518
1718590891
746805479
3838096331
161565482
598679097
2627369549
4259795829
1005917492
3157125040
3459149538
2419242970
3443485439
3802313296
3943201380
406245192
2009597788
3514750550
2514492452
2872799605
4247516748
3671146400
625076766
1809981959
667803948
254999458
1705856317
1958321422
904168102
1548210172
2578388772
546664687
1403085155
102242193
455596034
1011817731
1007534772
3534849065
96293628
2832182570
2632342644
3988440804
494151920
3520148660
2263158420
2235678291
2290497093
892434874
1373800436
3453514976
4183941553
4139042166
1341151912
1398137997
2741574839
2335095617
1977324199
3970548249
2046285860
791679660
2682649251
762751834
1387534626
3166940637
601777555
4213391669
2080023741
2421738783
78720456
3790050409
4055935169
918449307
2156662346
1976599909
909915718
2847065529
1747818102
2693994218
1842082785
3290799162
2537233570
3370266343
802526769
3221716605
2368107783
4139723655
1239508456
4285225309
2034315822
3501355587
2235506112
759239855
2526591160
1113097972
2637201134
312214300
2050585448
154141182
697334765
1768728146
4041670653
384744559
4001994663
2727926264
2535627047
340688675
2954202916
3293850051
1454578070
3352017405
2052956455
3675557167
3617803551
1709420278
225892434
11660213
2419870232
1475573904
1223568024
2266549188
3545758331
4026986085
1843601075
3474474180
3030394821
87362076
481694458
2735094430
2228833946
264972617
151405975
3019430246
1751718153
2942719357
2254760445
3313963629
127035995
903841245
3055685989
3551151518
3507184493
2625135141
829917035
1284974620
1855265222
61128010
796107948
4079875502
2157182826
3504276431
3913303042
1130007776
3635203696
663920636
3672067394
2925783766
2779860164
2783395826
253717267
3421429785
3510003170
431386590
4140738441
1647683075
2577968079
3909877869
1787926451
3951779895
878222227
2870223979
2246776022
763359388
164897050
518859890
988409787
1173725316
4247068728
3661371985
1555229968
562099554
280632005
3113062366
1386500699
3419783882
1729337076
4026851895
3548693939
3270194524
4290134600
831346249
2331727726
227856185
3171486873
2575541605
3524326264
1599268609
3511131394
4169129240
228741026
3370586774
785934933
3183957497
3361143129
1916079421
1851635081
3285992423
3551196144
3405194852
1406052997
4253444677
2404582415
4218585902
615421076
3710042473
3002069933
2624420197
3490296243
3462152996
2452313842
3097533139
1054261961
2596204024
865204885
704079865
4244705140
1093559831
586145345
3270764267
947530151
707980491
3863299811
778076400
2749435664
4233825475
3612795146
270849862
714011086
3113050561
1741077094
353390607
3665186695
3456112216
2912060831
688221779
1502523529
1700335761
4134426303
1020323945
655576862
1985328665
2573198486
1469583469
2193086335
1463241526
1721013650
654474889
2773070211
2039371340
3424557941
1880532868
3681314824
480968456
1539279169
3316085171
75320242
4201829447
1794044699
1694990455
1452054804
856585743
3278017871
93655666
2090086527
441582598
141986087
2675269691
1894894287
1276054824
3167427277
642321765
3979588973
3987865306
4081225477
2642239690
3522172558
357733655
3781114528
972761955
2078704355
2988277801
1472445980
2847953571
1295485361
1868682495
4214222351
1066136004
3942256805
1039294586
658654503
947624273
3699935061
1269019784
3536648928
1419991327
4270165955
1539048765
3754432888
3401498039
3831089027
830603733
2276564351
2420123881
1050207742
3434687971
3935061117
3992967661
3445027256
3907579397
310223025
985833673
2995300437
1660352807
3977710932
3054880020
3225896607
2386602542
1924767743
1140295988
3832367833
1063838161
244866510
1217488104
2729679287
1714199517
695594720
2653420428
972788794
806150594
2554886195
1272576762
3832885313
3610506840
1031190203
116054629
3194145793
1066451908
2495569057
3242381745
53321446
1516546301
1350031560
4174741550
3565404178
878115036
15854997
1184928169
1356634868
913122503
2803956710
3534650466
2729614628
284544139
3125278713
280778395
121350558
2111658510
1694558684
2264397850
3010875336
757915653
3135048549
3097054290
4048479241
3199550659
3861915908
3445248162
660919155
249498686
277699849
1795095523
464721906
406850849
4051109651
2523886035
3042041204
3993175317
794659904
2119773132
2894361031
2980464553
3033858576
1671368851
3071336640
4040885532
4108754360
1112458795
2599956698
380918505
2534570283
2042453888
4083939547
1558912137
155018110
3805552475
2045525097
954794407
336306095
3316441921
157830757
3688505185
4135344180
2024425448
3084785199
798148058
2714993120
1722216254
1296219574
4003739897
2390680816
2365678788
1122899921
1674405083
2007255423
3646299020
986828542
908221826
391417225
3371090669
3943208361
2681237152
2339027954
3833646575
3925554688
1467167841
672902711
1791904753
2465922
38549010
114414797
392523175
4195936423
3325010593
360791905
1861337981
2486433593
3713370391
321241435
2000178605
1273523434
637576159
498777014
2864409041
873764329
1986784422
3091833156
1454275252
640789818
346869768
4121406900
3469056526
944448380
3242867479
1381633415
4020979333
281826259
891430057
2708897931
2126321046
1272885203
1266414078
1801851929
3057065851
851864646
3280571512
644194687
625024489
279328774
2797287801
1253854249
1235018454
4258221998
1155602868
282924997
2017225272
3096675226
174373186
2024829117
2780517457
2936994972
3697005997
2015353496
1979608132
4195306929
1762985659
727551081
2560137303
2434841682
487284969
1023882809
1744089347
4190684055
3913899744
3842135033
3026191902
154868446
346525706
249152372
2042667859
794227233
221909305
2311172922
2265515468
321576209
1056809476
2272590325
3901218017
4274115225
522381492
1071945727
843255546
2636245245
3214508345
2561120075
3535495814
1180233247
2256413698
771734607
3068167659
1661461823
1654683657
1470170314
1181245319
2727366563
2545567218
1575459794
4011025205
1271285271
364421268
1200092019
2353931604
2760218487
2643014232
3774685299
851014841
3557480117
1593659919
1875440490
3109687984
3201549340
924911182
2506660532
3203094072
4256984917
2098824823
4102259999
2842066396
694422660
1385354060
3165234442
2724042002
2983060367
1751584068
3308980049
147678884
2826083792
109198432
3984241340
2134367018
2745358436
1859373417
1995267678
640420971
40083745
230685737
4178987729
2048787086
601107066
3863601764
2145585778
2410422936
909094605
1267232687
2456799275
475991659
631790874
823304793
2407701646
32792607
577362709
1094155461
28838708
2851188240
2742994880
2538953656
731506132
1840796805
772972538
3942015000
409786853
3908624541
302425651
3310549139
1548752736
2120071207
3034217585
2226029290
2441648239
940003974
3062073242
2311789014
3526737495
2787185971
3382833089
2812452669
4218129056
3378417524
64654567
1775733270
1361097247
2963211825
1463737750
2889164673
2564479702
2705599971
2662566960
1724141116
4007395885
1139861191
506908761
2570186641
3054434455
1949417340
1072437876
3139875123
2477622710
2673383357
1044163517
430823766
2247484802
3411238798
1481155979
3086025607
2483936179
2965963181
1436618841
499960186
1591850906
1753943339
3723831617
35295712
2273189069
4055059711
2342255175
1744402566
116241336
4179265614
2363384237
1566278507
400663733
3373456484
766155877
805521457
1987842769
42106488
1011974851
2049123327
3516699275
1633411280
816973382
1297834096
1689304404
1987038117
2655768636
2745649250
3176727853
3864398179
531185084
515724966
1889016750
3987715334
3924129133
1458824226
3369262552
2078541328
1307325183
1121543185
3532939412
2763434804
2470171979
804643682
2056129646
2216977731
3284182007
2409520304
3945855924
3588443901
1383539421
3642948238
3676678393
1194089845
2956869488
566316130
2842053719
3470259263
4252397019
3274511850
2083417342
1402739479
519324891
1097355680
931692922
2025398055
1551706542
1131582017
607828360
3755997392
1091553352
2709820782
2327456686
2549817486
871409886
2492651669
940586315
3827337720
3527830509
4045705363
2479058895
1129863638
3230534017
1419402346
3605526725
3019296188
1123674122
1541982418
1278505382
3999097076
2518190328
3880770011
2444022646
2942504374
1312303348
1501969484
2782654743
188191547
557114937
423917973
4140780426
1172319864
3583814986
3393016217
1962096515
1869566990
2701174716
4270388797
3427708920
1204846868
3023476538
725485438
773581577
3152953442
2587123270
792208709
4041502123
1946218951
212153023
1669610351
2377398595
1502328531
1456522490
845340108
2691335871
994028082
1962190504
3782771135
2104350496
1354320828
665302871
817498659
2578392736
2125101137
1511843464
3864974471
3956743663
2986144065
4217646581
2322290660
2441616698
2346292431
2139079883
1063451155
4132591503
3708575174
1261080729
1247027731
3912816810
2125529760
4241348244
2440698987
1127620926
172971576
3681140390
2018353310
1994836947
1415322011
1533635451
2079103527
1821098968
2559013910
2088973789
711779951
3422292108
1780799793
3222471369
3314393620
1632372351
2362808487
1747504657
811635529
3616946877
1038644054
4109276457
2304096172
1337133615
290250320
3523567751
1786623643
3667677996
1581021329
3776088106
1397543222
397551447
1731251220
3507346822
2375810095
296174030
935982097
356878573
2516900730
31366462
263371085
2456156815
419935970
1163171057
1176883005
3667541523
1895423606
2134398191
1394489830
2915647156
2008800391
4290529100
2527789559
3147945843
3212534105
1832338350
3349065589
2015714428
3735416533
2614867042
3472617984
819374336
83321937
2138145784
921150708
3200745885
756000466
4233288334
2253237199
3552394559
2566582149
3171801408
2766772514
122587208
662104531
1538722531
2269918775
2521298756
104477560
4104785398
459702139
3336118079
3207486922
113049669
3184851819
2982072104
3482484803
1539514826
752938863
1321352955
3645933660
50450514
1965262120
3898788864
3777096706
2817997726
2632389987
3286485832
592667093
581916053
86592039
2747609768
3476148406
546585735
2809113434
2339504877
3742763140
1877942115
2764883735
871843525
1703052868
218440758
3946085916
3151729069
1457071425
3800534578
3538609275
1873575965
806023887
2827901986
190206267
410376720
1651912305
1904754192
967845408
1009125436
4180349519
3901028127
2026981377
477561461
453314612
3393534876
1164227455
42200805
1665775560
4199329472
2348727113
3340927619
3075998195
3409858182
41541494
759579563
2162380197
3352151
4020747856
2840558555
1305465721
3034392439
17110587
1390812248
959165706
1113746376
1330749836
39346568
900578966
553917611
1831768729
2256662640
3143983217
2563923324
114664450
4285811906
259535992
3584533847
4033535802
3471906240
2802888198
287196772
406027448
4290445590
3432857908
2229696565
1486957151
2546637701
3528812491
861574255
2361689029
2925890539
1485819959
1132549885
3686682886
912006870
236601586
1451432475
393346786
2549443008
4107466978
2216887742
3518430694
2207699898
733268665
849835669
3715752699
3453881624
1653297715
2002561644
2212068640
142660128
2829894086
3517512097
2208024789
1122057806
3603503937
4272912507
3304978748
4153611530
160443410
2247224146
950608342
3751239249
2588930159
708980519
3748730467
1576311594
3215622401
272251067
3558826780
1532735907
3543683716
1211596171
100957203
414941982
887031640
2200673937
3814325467
1935241685
2687449334
175968850
3276035701
2241752554
159593853
644339939
3100563897
1081338758
4160932866
1713509114
4229704679
4149166521
2602815038
609654224
816588810
2016515261
3021110065
3699206115
918510527
1151912881
3000012135
2768930088
2173250391
4202444066
999797584
455455412
201338198
2558509077
230822885
4014538564
762134449
1676163709
521553395
1042557427
83834563
208346154
1651193282
1591835183
3038313923
163771129
1957906294
762700228
4134882063
113992881
140171795
826840682
789257625
2436922361
3316386628
3431606605
3365963673
878445878
1969110229
1626949164
2788149992
1077062077
80154983
3275964448
433616524
565345651
172172318
1768368991
529367122
1224070027
217777521
3951626171
2493530576
1467616561
39613056
2474360269
1713294394
2972349353
1689332879
2430515068
2896077740
1753628177
2177595409
