2051877116
3417929222
3541111477
2866441968
3305882272
1164104078
1965927225
2073796813
3950875120
1874670385
732225594
2567936551
3003977148
3894345969
1999598729
478005541
1430445258
668755217
3480918513
3470550434
1742160687
3725237478
2912853948
4146918313
2026673985
3147264369
2702472983
4282680750
2577746562
3090298148
783868423
285045475
4080647488
1471017387
173483714
3105850366
1558198800
2492745868
1206277623
2499254553
4251628365
3234969605
1271023421
2517684042
2329169222
1805388035
499928121
1602296068
99502412
325132943
3998377571
90464608
3642864384
2968648347
1444760809
652976608
2430523737
3756900725
1680311387
870645907
1149618598
401866205
1250215204
2730601788
2990616567
2996614478
3536990689
469742001
1572726541
954378411
1909995807
3481657889
3213407257
4089151863
3210779198
4125912430
2906053204
1837879954
3453457834
799662280
964058358
489543650
1755683904
1757119366
3283992742
865243709
1307489698
875168138
805554957
2898520205
4252923653
4215288008
3359415980
3130445949
1992641233
2651670528
4281724216
873257648
717622346
1951683051
3078700307
1125821286
14786595
1396447842
3368277726
2812479267
506809343
3614988387
1536815096
2045473640
376578044
19711838
3429606730
4036348721
780548039
1423264284
3956953906
1464259713
2833360018
3809365298
3071951351
23059614
3867784245
1387224107
834471324
1765946988
2828056103
480039957
2701518911
129046580
3628643837
2854046802
356076492
358508033
953769221
509333989
10229243
1516768643
897702503
1595566331
3162805822
2642721490
1699009089
2134264219
1478633461
1699771612
2340871978
1629547073
3250355454
1692194238
4216891048
1500248395
4015142054
4168238343
1351088504
40772009
581672631
1717422926
3037909749
843297083
2395916883
380310141
3261901815
1829009192
1989652195
2768493891
3139747957
331722254
2199949349
1204542573
2986758930
2965751873
3590451071
2918404379
2147080768
641283965
4210301010
1545767564
3561452664
1618504977
2730290846
300545860
956954142
1602350581
100727663
3814356835
2180899956
2605451382
3435380794
2933617620
3588748826
3921092204
1002418145
1241677754
2028966455
1334384259
2250483432
3951497219
3666433401
2097835084
3033662392
1456757753
236032815
3624843616
1182666174
2816118140
2282096463
2717053825
2014513116
4018547352
640758020
3728431799
1293716120
609608378
288737057
1212327914
762128313
1279553181
3074337863
98885498
2926986975
4255291040
3726274308
2324144354
3245906373
871031821
788012626
2500157754
2335025301
3776494512
3452564253
3240454999
1187526283
928473072
3170932538
465153132
3228533719
3448989461
529457844
1612604974
2991179194
1667438757
1320350720
3860336243
3837805785
2975654468
3135414691
776245810
2054777702
4130268183
1953202774
2103774795
2252389388
2709555846
1991731477
455094886
1575771887
3089438173
1171684899
634427535
2156658576
1989768218
3808770481
475663856
3605319300
370623597
3111013427
4184980385
1383989041
4216173889
344356445
2498987926
3434607256
671038484
1864120056
2375661265
4086740348
3571459807
1954134117
3789364512
1797135281
1444400357
2433859104
2525094054
187776322
1485733592
4026350359
3443192942
3981285841
627528962
2024951308
567331788
2803276598
2313284935
1725536878
4198961251
2012985906
3732832117
3290032967
2905402048
160735137
2372157538
1259044149
888735911
500645686
2054386259
1763314237
2161909044
250867421
4152270059
3757060845
2485014931
3391574825
1617884906
353782212
1639471613
2517229050
3736300510
1376504007
2889851743
1091911418
804632889
1780550599
4108667071
3532771295
3046450877
2393721013
3877632710
803772637
2187937238
1550003426
3748475154
37689461
349136395
272899905
3613470764
346728994
802548737
2328663678
19327854
725749622
1227920995
2985071276
2702405442
3390664907
891185657
3508834352
3561834346
58481493
2519843439
3182947645
3064969508
3582689074
1058777545
474543405
178418124
751878106
4026622968
3801491457
1424799795
4277018725
2427570706
3228164794
2801899389
627311070
3585291182
2050766661
3124435399
3995626351
132886397
351747196
316272819
1615998622
2332245411
3250291570
4136459150
4277151299
3097826930
1084433778
1016282436
524526678
560297673
3846857817
2385711091
751987997
1973702480
580357459
1685406902
226841158
2785442830
2440664982
2243902554
313942538
3952871936
2255833116
4171699044
3344733359
1350996334
1616770438
1979241924
2908501871
2396347092
2619540045
42883377
1269786132
2424027836
365470309
923094375
4022559971
915259178
547923825
3274309072
767095622
421530599
3084472810
2822264990
2479075032
4103098236
547047799
2065059769
3728050623
169551433
1908925217
1846939113
3632254437
2898203863
2283508856
2427751616
1308619624
2368575417
1570831090
735801567
1331520633
289777110
3027750584
1731676841
1677592876
2190197720
1417014233
1108524783
1154956904
2861411534
4169008660
2163306805
3660085950
2168117615
656729588
2548026866
1645890833
3321975232
30350399
89315996
4095301700
888376531
1597935846
152374312
1700196825
96569707
965188685
1429024008
1570765204
763908905
1590585386
2621162240
1852479616
3299860845
4283251789
513018761
957031537
1332040890
2757468312
1370726743
279822341
1601741163
1306831695
1310195827
128136151
614861873
2887639032
2030093730
2795635225
2359314835
3011033103
3879439224
338789275
542429899
1073192055
3730743115
407712476
647798644
2045219416
3209267321
3967203390
720327780
355488364
1565611251
1031526117
1220581323
2721300836
3778741220
3018553428
29736765
767015980
4274118509
1580232148
4202802764
2145184556
1704195469
3101455758
2909718099
1667344487
1118539957
3753870523
1254229133
868828752
935701445
3105890403
389669166
1679726183
1257946821
2787534425
1501802040
813928152
3417119384
3620304129
2071820377
1877120240
4060586852
3951936118
3376392222
7369216
2173841435
3074262717
2939063421
179995109
1771122618
1444199433
2206736884
2615684087
829150811
2356294481
3163006554
2145636384
2877161308
3121007793
3956796816
3047400701
380956803
852900695
1534031933
361366982
2085998036
2196150879
4035377432
1298937347
1273799111
2346252012
885926237
3570966120
2062262988
314347073
3968254071
3882906595
1214525109
3430203329
2269481062
4198957061
4227036489
4202326952
1326384299
2836644952
164247580
1675790383
2750609348
313675036
2551536860
3319413673
3239892182
47441520
3788327666
1572295191
263963672
3811432003
2213601230
579995279
3782399884
2609763449
2382450563
4086455865
4135673744
1580634062
3691235289
3061640582
1050009401
1294705158
2507411019
4005449249
3285057671
2676571915
777691135
103411812
4039947354
2517931213
2418915456
3732866466
2724873684
3692519933
704038148
2755430811
2953185992
4207154218
36879560
1878669551
393781447
1751241289
1738630001
2736821765
2130188286
1736804104
2036337622
1254875631
2187919849
3235068022
3816388628
1770408486
2162689283
1400318869
79627649
4253702162
2599500299
24047357
1219608056
2277296015
1645036669
4063954504
1512700498
2844554531
3005329473
2341498081
4146134046
3881251861
3343063256
1831394136
2737526419
1928095152
907256455
3213422693
2043545721
2751633951
2378229182
743881745
479957634
802448705
664862298
4119331885
3836263711
1943879664
951830447
519845989
2329126026
571029593
151187619
191044532
3017029377
2283752453
737602127
1973486140
3522509545
94507097
1881106860
3754635955
1221898330
1615222330
3135787010
2914923213
4086741616
1180357931
925064276
3520738215
3644458525
3206864853
2550162829
2680554745
1713011640
4015468461
557638881
3949871142
2912424024
3336741966
4169158121
147248954
2871957461
1105981567
3241224546
1662972538
1000943792
2672206267
1098947937
3744516732
103671975
289362488
1394552393
4189315855
1035313267
417492376
198958596
2595131173
3438725736
4166637581
706522775
3271889144
3767091282
2976930097
1825797624
2581618874
2384902834
3886899076
3999527736
1923440810
1450773143
303201817
2298947960
3869874842
3391337282
3309995639
929285148
946822943
1677179938
677445081
2643850172
3310084112
2025598454
3541649118
2418915711
2071042612
437472811
4156837431
3140671711
3345730626
2912665916
1443697835
1007200292
4059645652
2575971061
1568258519
3027627233
3643785743
3052221236
3742207426
3904074120
349053849
2263011127
4043323425
2976602729
1676982587
3131887544
1329032110
1947207397
4294933974
1953045460
3782402727
4033367216
700887547
3020170391
1360423636
409816482
2648941548
1666774658
2666975993
3206045637
3894844195
2787378776
188883097
1183759835
3805910579
649946264
3309493161
1907342300
2565756920
902356962
119111299
721961887
352016957
80879441
1510038676
2067529956
3018564312
1011301184
344494689
4137692842
2017488071
1767251921
3033265983
3344827113
1603463818
2068720425
2807927733
2424213862
93158510
2748249001
2148480709
841035019
3732292093
4262989128
2160029407
969605807
3604956458
276869859
3632265706
4133335057
1055326324
3976320066
3388996787
3829956047
3986833530
960470131
2262648095
4291995780
1215853211
1141031476
2531302914
2697454753
1150264914
1106399716
2632814931
2685962160
844688904
4059808518
2161974949
4033607573
4067402224
3002181857
3080318380
1375090201
511380006
1908073912
2755477476
3904164195
3728098076
4183331687
967958777
1072245549
1460021300
453430553
1586200094
1508970073
1236790650
4006365113
707490105
1616064426
3203052504
358648778
3076364166
445058844
762221816
1440455506
1119956799
2685547098
21035549
3853755619
2758625278
1150109680
3406246103
318568661
2494896716
1053069716
3871408887
1437820109
1222767363
3929414681
1672465514
4184336413
3979713297
3480927475
2030612714
2865639897
4190029069
4095971720
2723192001
921089139
1001484462
2134144973
3021085767
4275727810
2213404866
3283568417
4130730400
1570390660
4141824957
1279285073
2534654049
2699765517
3795487118
961948663
4133175771
179496936
3694410238
437721429
2252751528
3453943128
2957000965
1923039347
2178984323
862041728
686032948
1670359497
1905036941
3041537354
1086199243
646579133
2104461659
4256872030
3010828636
2183967343
794926482
2274398611
1123856764
633587663
2513150993
8137423
3842536554
1611344155
231270286
4258803326
3584795206
10530068
1241494521
3374793973
2453428135
3639894751
67501893
269973904
2367373094
1208444910
305771006
124266145
1288736230
1830590808
2493920993
2724518701
2411784364
300173498
1881937948
931717575
1559174528
1346840463
4248384464
386457999
1448318426
273572307
1345348021
2671656530
2385699734
4053370307
3532718691
2854881523
1661181969
30318989
2693336028
1699804695
1636710432
442195499
4100203718
1872354392
4257006257
3230568848
4199204882
1748901369
2402228117
705430421
3631889561
1766386664
2415454110
1530081861
3647580638
3924777750
86621473
1844345919
4030090440
810558427
586247874
2118152248
3517449327
3152071006
2674472808
4131183757
1893219591
297588420
2215717149
1933564389
4027115129
2805634686
2645588444
2532060140
3374032839
3859636638
1835266483
2097306844
3879184604
1934224197
3833361769
1386662564
2820108426
3455246577
4141540419
516451659
2127929823
677048876
994264027
2194528463
2274144291
165205728
1841352314
3708423813
2213017551
2863594285
3076045892
3492230171
3134034369
3316489200
2371120619
3963220566
3775743024
1661673486
2939905141
4294591239
3990150759
3844214619
4096656369
499925552
751180639
3298506123
153915051
2814174804
3650119615
241013617
3419425532
1818089968
962187552
142739337
1988798658
3317860799
4127861520
1290272795
4155829572
2740545831
1205284975
2039270885
2212287195
193249065
1992100398
2443347386
440858081
1458500070
3463786989
1504547004
2253762643
994797192
2952312553
3133715866
687840376
2889128109
4199930141
4161207897
3517713611
812150578
70309791
3568181104
3521027108
2768618607
227089512
1260065784
3530283064
890834648
761751535
2969590069
392142210
3856434710
4178952354
403344214
4248527830
295753687
1450425854
4076565837
806721346
3790342968
1274529675
3195967916
1309677964
4147233276
1304047661
525660365
233216097
338257002
886943863
2567055694
2638430062
771997333
721621297
2408142772
4254299069
4077070546
842179838
1115423309
1135316108
1299169593
3659978366
2085535422
160565688
2740875925
2824070387
222313489
527495962
3581305629
3002743116
2081881362
3918503490
2486212117
1122271503
1933643632
4110079815
3290104580
1061956648
3994514729
3275852819
1283385829
661730386
1296896596
1512834204
2314899220
1554022217
4121941675
3377849084
1376813009
3761433523
350480697
1621117451
2499801402
3464624191
519941291
1572782609
3898343147
2148366007
4040604166
2997219017
657928647
1758458583
2479653430
3760844787
2769954474
863401493
4074283024
1135280642
569127757
2818050646
860219612
754851547
4198329970
3080761561
3555022372
867224552
88004521
1751561669
1624954005
3805562368
3774062578
1435791550
1654542162
950356105
3524708081
3417151858
1064543922
97909754
1857636702
1941842507
1521781579
265411987
158264748
3936433452
1506830087
344644967
1158920166
1367412753
1902142674
3683725506
598885088
1497976542
2379218978
3461437091
3139665791
1121895516
3117077022
3504861311
3331744822
4010391002
289912839
3211626575
166163440
3495232779
435140555
1219064964
4279816912
327367412
1887320926
2655351449
1392763833
1634731359
2633790917
2853924030
1549619436
1062080999
5828359
3974450840
1560070316
2015704888
130334810
3076544118
121712256
707530928
898458132
1780571175
869571558
2121954769
3519687480
599791357
2938664404
314808767
299619236
2999177133
2310917351
1471460828
3298103845
939370119
2370183587
1409091212
397056820
3630720648
2794570199
2957044233
3453326317
1160356174
3133866561
2996185779
2998922865
3323970249
1598326410
3526312555
3808076106
3545910059
1165683054
1771264633
72832854
552875163
2521198486
2383521109
2060715667
2065134184
511992890
3557151276
2889429587
3516540554
231686388
3528297462
945937958
3907311055
3194981256
2799760128
925762541
211600632
1389365456
2007235279
3719596853
1170792785
3577337081
1512262144
4255728617
4120921115
3850855002
2818690908
413995718
3382604833
3789244155
2764170500
3625510588
113700909
1184486660
3020868059
4097981149
3438273151
732826565
2448838297
4253881623
2708400594
2992283264
2880306194
681337307
4257156296
1274382943
572322463
2163883090
3979105309
575205281
4256061057
1075632274
1277100241
2338518026
993853273
1974943912
3692277807
2031050145
3669965256
1139831803
4022733283
646410335
526299374
1871099837
4024475146
1106442912
3921670362
1183434146
772469927
3606744835
1367381464
1058801039
2943114364
687751374
970925811
3651924625
3646286209
2477837329
3186367576
84562159
2711327022
615560606
3332958713
166810911
3822047759
893497659
633137569
3817146814
3120774802
1922972440
2616588558
969318609
2969193312
2565465627
340555931
2898561922
832523471
556322359
3234811749
3480461800
761459588
3955662873
3859266861
447003534
423384735
3542415481
3128041124
1914037419
1843822395
2949983988
1789642229
2599589448
573287982
2205142566
1374013165
586632789
3234691208
380418630
550505361
438587664
318520870
37957305
580986418
786275118
3160556888
3363003711
1134909683
487761974
3926252741
3563881123
2780110780
1590067855
901861724
1061781235
2399517984
2585446712
3475801171
1608607248
868510934
15535204
470996392
1880833513
3887895507
278160648
143010542
250400480
1211706486
97423977
2616797246
4119345021
2787538453
3572255311
4052800961
4126833134
3083550051
2401168993
312716404
3584172506
4178274079
1511994096
419016695
3793678864
726318077
838223945
78226296
2321786906
3965596213
2522936117
243652354
189086453
3700618136
970029971
53649708
3042153561
3250217381
2679463298
1507773261
2807487940
4289936897
1447986169
2019024624
1997626398
4294787724
1652681786
2287305702
1028035856
4071388875
2149078821
2484388015
1829500072
661262118
2720677195
3487243323
375003300
1081122393
3902993901
1913851649
408996945
2623983793
1878642744
2687162848
1233797523
1637151950
2763782291
279209102
1979853714
582976256
3125092481
1494903251
125262963
1707222474
4041529067
402969458
2738082519
3232264761
2058490373
3698409809
1429260715
1707711688
2119336389
1788671593
629622082
496089505
1086351695
3240153643
3612383149
212047388
44164301
2387520392
636571736
2956498804
646605451
2337422863
2974457746
2813113293
321789620
1180871467
3979267251
995282854
594768247
1226570300
3916316446
769541303
2609466148
4006853400
2753973485
190127496
114198160
3306660229
1028163606
3662233820
774080177
3239838049
342385527
4223880736
1857236746
2772876774
1487735344
1555881819
3285082197
1885867512
1291797653
3537727419
3693645271
3068214190
2561147866
1018957295
4096284976
3758539442
2727774848
593501318
4166787944
4031684585
3257912243
2419428404
2910164992
2616521199
2768262706
618799747
1987294328
2330365876
735285053
2562890782
43914303
2973500675
168368217
2871775312
296214675
1059794586
1121696494
800431341
2837258307
3334706857
1530973524
1488808396
2438588575
3737531492
951471549
2896445444
3331507452
100944082
3245567448
2880320739
1851847509
4281951787
3942092998
1762803203
3725178120
634360871
1122196419
2546165448
1428625805
39720307
273353262
2554860171
1336777490
3024488068
1446291658
1772646567
1650621380
79758053
354994236
2439111459
2393525787
1968363886
1892039769
246068458
878096704
1674727360
1656496242
3496016753
436373894
2017448319
1536134697
4028331046
4176809360
1355022034
2791967127
3900883580
3781326608
401583402
4247867210
415165494
3162005647
3679830896
572338197
822378584
2492252615
313606218
835791178
3651725023
1353527941
2190353088
1479631637
4283170920
1452221006
1923925475
4210714067
1729019324
3885929197
1990123821
2643127543
300501250
151550535
4143747966
4238162844
1946464634
3493970223
3185869575
3846336031
3476599983
171775500
2596294821
374444539
717177844
4254456025
3094933570
2319289034
128961565
3773766792
3812662733
27477938
1822152033
1649474857
1393705142
181223870
3182372512
2150969286
1647374065
1863326224
2530366668
354430880
2098106245
2083916265
1274296835
2947303197
3152979390
71003707
1790053263
1253155579
1808994070
2985422163
1139839350
2666191494
769433535
2829684214
3559239460
3284222418
1758899613
3403043397
1294848161
2959274411
3682913017
1642001967
890392280
1618510075
1029067197
1374166096
3749262155
4287497682
1986107094
4206528932
991176111
1402632012
1634890000
1418361352
1124232296
1629027931
1198993853
3802462233
508451287
1636303140
1557500056
2322292180
772038104
1400041183
2777358366
1548947490
243080492
2234978369
593848402
1000925143
168771001
1418899671
307245322
4162257031
1591730303
2392297542
2985774917
178776846
1980079272
508810106
1693473704
151671369
753213902
1180330929
2336573271
4143409757
3617763039
3568766706
1208513532
118793123
1901634995
4087411317
3812385676
531987555
2478425852
218980380
650037419
3252159613
1447349107
3677503268
892128328
4132987957
3858401957
2621492879
775130668
306473882
3240916099
4043157772
4110156774
598896386
3462166589
2877858409
701671195
2707363620
3607321315
311051882
3925845378
880930699
2560005328
4053884878
14344293
2922613133
2711772977
3067844470
171813897
3621993912
1145044095
1100934087
3633850916
3119271429
2021421020
872447
428239009
4246497624
1361741028
3770109931
2082218025
3890990123
3182819450
1833533585
3695359205
679308698
1789922529
2155051807
4190082759
1362182075
275528583
4140690893
4168859142
188303254
3825051693
583567533
3537936238
3759106547
2877286500
86841559
4058996433
2791520263
4102629589
2396027787
3970427987
1721580219
3235096173
3483500022
605396149
3981770281
586114966
901143551
330372540
2293909011
2862639449
3272608203
3005556940
2954335424
1507883196
1820240748
714241683
2315637211
2482666242
3131975457
1642104731
655974730
277375930
1095485376
984154639
2852689579
1052963906
898027249
1441870814
1854760460
518778482
3434103862
1707072004
4094314467
3649299089
3669614794
2843245762
808228043
286306812
3029225762
3182281532
3007438364
345661307
4246870469
1306083672
2264964573
3609118238
126110832
2582366355
703728887
404509002
2787005730
3727101680
308813213
2252213360
3424100086
171420723
1696004962
3632665076
1026279647
1812365250
57849871
1401543284
974969207
2201975227
1498921773
1443705384
897109805
1911927802
3488311036
3348218939
3222557254
4292301351
606256236
2867242739
1838094011
2969990032
3501901162
3699449762
928404606
3063842498
3527709653
272563343
2215773403
3696506892
1437232515
4058087065
4069846688
3527886904
4079160719
44650891
523095250
1098143230
951156007
3677861631
3287260275
1377492115
3144312314
3918133341
3206263612
1635906656
2964565955
1169489196
3933304624
2460912252
3778349054
2885006660
3375385481
782817669
3392116698
1489796741
195914020
2549457226
2143520066
3863681594
1666051417
1040444160
4102650731
1371374650
471486730
2906445290
4074966397
3179914496
1929327034
905746414
1859075910
3874000628
2972182540
1897296991
1382033395
332513377
791056533
4032444449
1580705119
2418192092
2172385059
1415077594
3767393604
1688504128
1616855829
2193749038
450823270
693846692
1832145438
1274476473
2879579668
3796728024
2198511277
3757949113
2336792680
2751143327
1156382439
2864553519
3606462087
3282285349
22865404
4167627997
1931868343
4150696670
1774038353
3052173616
4103212447
3061531515
3873183433
3829511648
3017882418
809708507
82516594
3400846464
3592039690
2670291637
2869021386
2616792741
975212880
3100828333
1936657429
4108508575
3234232113
939671235
1165166672
4248533124
4143283632
2204391933
2818704497
4167628090
3815616841
1297805656
2089454113
1032943570
2729024042
2465398836
146668365
2843548412
4043776353
2058487313
1797592213
3180825413
1419014178
2951676010
2595350951
1887860307
772876526
1026876086
2133592212
1662178154
1890512650
4268512031
3538393472
2380813089
3624986696
2987892415
2353585950
1144644942
2982301142
807275361
407970594
3844102993
3341001537
2465666637
3980355833
3263999582
2389479428
1695130596
2878447475
3189034458
1816891685
3175313709
754502787
2140442116
2678208207
2371463984
1570540799
3158476532
2429786148
1604621711
234471844
3993040796
1278816575
4038635483
2353818057
3269350784
2208125757
2973870510
1880733754
4079551867
2662282611
2357194256
866467320
1036356223
2409675167
1129724506
584902598
2517982529
2573335948
1406087803
127453560
451977600
1406920928
3239455179
544872755
3972895718
2930388960
3399099498
231205381
