956615229
1835736878
34613530
1961964918
726242805
4210276317
1193712174
1413511659
2043614131
3977953059
171650873
1821559599
4131389790
3764875548
3424234313
2012421494
353731893
3267962490
3841509581
2789845669
3071205308
1629104890
1190155526
3565303050
69391516
450092884
3819478795
879888967
1880347325
1260849516
437163586
4033778731
1368241970
3650205884
2361376509
4191820738
234044886
2375314270
2092334136
708815968
2620494796
2660154698
2297326995
910350978
1939642537
3102982748
780697669
4194185263
610720377
2290902924
221298101
702197712
2060219979
3300464595
2247258570
1462877904
2576807653
2749705491
3752052272
3777092409
921147796
1687274625
837394577
2622174834
252629379
3755507410
2059914027
2338465989
1458440256
4241917173
1105905883
2022481003
3172124786
851691557
4100816214
3800881719
3206941
1991816023
3987308093
718073608
477556346
1102470284
3190246466
3776667189
772950714
2619004567
3020404320
3441513944
3481110760
1240769236
3745654605
208512037
1520562284
2282628114
2907598900
3056261008
3692209824
550693187
4212285317
58880493
2658985505
1685064006
2078314968
3087691442
183700791
2110457839
475317043
127224105
247713003
3595701733
3209130349
3763596614
1317475017
3974189126
1738849395
4050218676
231878629
1365502458
3547057071
479679635
1227137072
3334248590
4228878011
3178044193
4203508862
3721759594
1750715490
639775126
907723717
2368456251
1789141950
307682283
1912491776
2259736919
3354709469
2078990010
1572146875
3022467827
1265452758
588702335
4006895125
3644364228
2872618125
1356067384
633062527
2918367745
2157306828
773675743
4011991011
1417901332
202145222
89828419
3467409286
15656591
2235591586
3642367322
333846608
3286485663
3550707495
1085235742
1472896076
494318443
3535385530
4048735529
1863763074
4017880122
633267688
3452082175
2140634188
1935978874
286465115
3523008437
3552104843
3046382955
4173078832
2214918723
1804160269
2000726914
3977706567
3518835472
2712174504
3063558974
911911290
1142471541
3686676619
2785912300
4081761187
4020827636
2774266074
3626663803
2003615221
3252749328
2432655747
2543949171
306084542
1335436933
3886375688
4273285361
2278921761
3305918028
1037371680
1741783929
2035263506
3448283192
488809475
3370452271
3820693715
1404029923
1216591721
1902506163
1800741111
2732058655
2883414097
3611636823
144646919
3855724048
259392731
1820615425
2746106997
1428416825
3943370801
1274854177
2131670107
1524523098
4214767786
2062735429
2485863668
2858507969
4055915536
1701429616
2671387145
3633317697
1480618708
1892355218
4112566172
3907158175
1753273484
296331222
1710499059
2785931032
115545326
695323679
655354680
531865093
1015602631
4096635927
3514855219
2591949285
4152130259
2690819558
1318215531
2860862039
3463527345
1669232917
2993022842
3226050053
3180089338
2846266788
472051953
1609159573
3904080375
3746868552
959131852
2788375795
923808445
347203513
128880568
2233175589
3868735914
2546092189
58855939
4240749826
2652411273
1174615313
1051282960
2821434893
463659098
1018544114
2335043464
2047230954
3873194115
1044244081
4131113418
2460344445
169261597
317077217
3040326768
3308326460
2939283934
3531991360
158712002
2180735040
1361628478
2577743582
428504147
2151425769
3240100462
1403804391
2109591780
3117788004
23487382
2033334217
2369560015
204782954
1382380283
1566336076
4149244776
665292450
599923259
1230150980
2811546347
2258952063
3734080236
3079783691
1209150686
2652926841
4044351783
1849806718
2432977143
3891348137
571179952
1330951091
1822596315
2036239101
2058266653
1621156891
1443445691
1165979414
3068633531
1305468411
3641797395
1661696675
2280980717
375322828
744869749
3624214992
880097399
666795502
862434274
4210665753
2784600102
148345288
265688187
2061898258
113774012
185748413
2638490407
2258363050
2423624410
3444462855
523971983
2855110133
3872735092
1581988344
3057424181
1160761831
1672581012
2757075001
3296738065
3012247514
288330653
2851861733
4042668112
3658628544
2985516122
2942748656
1657324696
1278488027
1692499947
3949857598
2414401443
2786796982
4181716170
62853941
3240808398
1978301504
3719781852
1345995834
2122647486
3260126188
1460930594
3627270949
126740519
1404902751
561148626
1342196023
3113859060
3872507016
3483108337
905939594
2744455963
1495273983
166115406
275815695
2817432903
3809685675
631197377
276334398
3524894464
2455773253
1955096627
1368426395
3538468790
2209002668
3560456545
1140171184
1551336158
3383214483
2324789831
2229161970
2706390049
2702983993
3309201490
81152370
766718874
4033235601
3331059648
1773911261
3917355914
510431240
4223748939
1571039036
3736120733
1696075626
1977865312
1138810843
4064908957
3948683049
3956424428
4002364169
3375914616
1430159223
275303218
3403472165
3619118094
2227549319
1705690999
2115713844
3416544783
4288736670
3142175149
3650001428
280032996
2129447034
168549827
1854150284
1393820194
3152261786
1452722857
2026845453
1421879190
742491106
660776732
3265302872
1447233396
950243696
2899924530
4074134801
2514540329
1662807150
840729942
3029150888
1604093473
126328965
3280244605
1385013073
691049543
1470225397
4148129051
1710452214
3729278700
1400505490
2342939885
3394672864
3240675967
1317509655
4166864881
2921117790
738827851
1552304710
1823397208
2345888152
3535165419
2362515226
487917741
2882220430
1605959188
100658826
363864386
2508300129
312182564
1183982247
295349933
2122437415
3302189697
1045038266
3925995835
258346494
2084946629
3113777643
836220173
2965305950
1472951650
1689359062
2531961682
612422655
2582303434
3803738925
2640178084
3553624700
3855853620
1310359926
2242795334
2472208548
2417320654
846265468
4256416109
1884045764
1659192361
127736285
3184758005
1955209182
2231796626
281203049
426399728
3686333975
4187758467
1903067890
936931297
973297437
1779736986
1563127670
2023867646
4068941594
1897698319
1126236051
731834449
2303222620
1678022249
511484038
2935709372
4031188485
2719940644
4227282630
3380334384
310722966
1781603847
3666630563
3725682737
2709376213
1454553724
1225686439
3818679997
1935942037
1114209320
618179238
3120035537
794858885
3488791654
2999963069
1368423443
2612017715
1763856490
2671846495
3489101136
320391377
3596918347
2840507131
390993993
196916878
3004025196
2702174637
459075247
3603873827
1030162626
3220418770
3717670342
99209945
620845389
3745171534
3825461933
3764848393
2247911352
3897345497
2396950679
2102246539
514183405
3542234736
3969148175
2437981620
716994754
1510611928
2659931086
1029100908
3522491429
769970622
3018800543
3591222189
1175334437
2544896139
1081688609
2185979545
1101177841
3585924393
3636259417
210705253
3492141455
2402351695
849187764
2063414585
3830408924
1458444074
245766523
2838518777
3960094130
1742589287
2559404703
2732577740
595460460
2950910189
2330902909
1297437639
1729946871
1167526144
4250142213
2987213474
3415281343
3816268766
1921085295
3328038972
1376190116
1098074379
2249516784
2087913283
2395164610
3134981635
2262066191
370375239
2178626055
308316044
3970295725
3572790535
1143005772
719556437
2732774670
763423285
1332949781
88913841
3331572849
130403680
268185373
2962409639
1764410741
637524123
4178787181
787148394
3354586221
3194273787
306125750
2122979174
443247281
2777379297
989632626
1542001654
1831995823
735016069
2012145545
2021242791
2240247793
373094123
1546054035
1770032423
2904479630
2259104981
755064587
93328778
2286577030
3661164160
1500364550
4198557282
2999821194
2085527928
1223529013
874586184
2203032431
2387313555
1754867636
886236893
2758205973
2175933752
2988430979
4176415131
2080451602
463925130
3731703957
3871865457
1220613129
2237619175
2484367048
1324865087
517659981
2479714577
1796815760
1936707779
4114412412
4183992092
1647006943
3567052948
2928204669
973227488
3579829644
3724886128
3219255252
3488883701
400796686
2236492003
125625621
1271187941
1250873753
2796677946
3670263009
3967380184
1487478746
2551057745
479505359
3261339704
579295597
696509489
3190850713
3045628339
1426666371
2397416691
2223979248
816548147
3412723577
2421855067
646926902
2807668591
1541696507
1820066134
65189983
1137651900
3440507792
1006455240
2730100785
1489159011
2166779843
3786919294
617443800
2511872958
1818331251
1911999628
3184094815
2147748831
2803715966
332937928
1451545594
3647658177
1630854263
2283025700
703516074
1620225512
769027527
3328157929
2629481678
624077174
282921220
3369540423
3844199333
1770763570
3644252978
3739471566
3236885226
1629671449
930259546
1296407869
4069244240
2111150062
3364013343
1303659224
882427320
1052339744
509851135
2899910268
59285966
2637447765
937978429
2661400866
693105002
3157434841
3083969732
3188783178
855630928
3632398552
3865809792
3306661916
500769957
389595889
1430923834
3229578889
2650732561
2406089869
3885198654
3165466671
3545585305
767399112
2868992777
2593306370
919056460
3431209996
2041106794
3390990345
814490082
1584691409
3252004303
4109197248
1874334185
1888159371
1029303940
3743418703
1853041980
483167732
2628295129
4027469152
1664262176
453139300
3163768159
2325233001
3639091875
2786071874
3036668273
2310255377
4254950523
4064350891
473497784
2117375983
3018705629
963965829
3230209284
4084862771
4071086221
1136904896
4053520964
3675347228
1364604503
1290633287
3240190455
989778311
2393804456
4265106531
4107285947
2179842426
1048939268
3521716916
2547742627
1294532064
1220089343
2657044128
1066787543
2623211705
320008614
266588483
590518907
3924502230
2027847445
2721011053
1266434132
2960303349
2855515177
17546175
3209973193
2843158376
2981018749
2489642355
4028681499
183823797
499416314
2524331463
3350118785
964199664
4179118616
3896682190
632987634
2649598190
4018716293
2455480962
507494346
234779343
2804220774
3940772421
3380710126
4023600356
1651677586
120547699
3899624929
1423214249
3998204989
2828399757
3762751115
3985957692
1625179547
410448299
2761409905
307877561
1568174987
1653306900
169349624
1757386468
2294938394
2082312748
3113589393
2461892891
983595629
722064367
1309927421
4229156183
4220581666
2265599362
2231874295
935471837
3582932406
1098839274
90234326
1131391231
1368238471
1926685468
1696222279
133117266
1005932857
3918886911
3919030902
2331553593
2240388067
1164775327
2740345472
2543580558
3285878868
3630762753
1081381669
1001323234
1234673494
269596233
1141722875
2914923390
3035750335
4087902885
163634312
2317438319
1801555105
555992958
553563833
880628187
1939844577
2473379057
387239346
207284411
502355441
2861849705
1470980162
1265657992
3662261654
894701199
3946069980
1839450211
2345089617
808113333
3200476970
3827994944
486512663
3184200017
1744835976
2502250663
2545494291
1682942637
2042457422
4259563767
1280232962
3010581859
995417359
208085597
3961611085
3868187908
1393781482
1209796016
2466720309
49120281
2703889787
1036453557
362333607
2989941166
2874043462
4143275554
3733466370
1038523256
1069792661
3878942319
2063503885
3116705933
1673958100
3766644755
1700212292
320291768
1999589863
4081110382
1269683056
3722849169
389788036
526560226
3488863660
3654110193
1313868758
2560299355
1524169739
3716980791
1934377788
3011960160
123984752
3272138029
2777753560
3557413469
2446672204
175025548
849860953
1906501742
32309183
4053134383
2098135725
3363780422
3104499457
2008527535
804416171
1808193250
3374316430
2069809626
2902769144
3610098843
2593756022
731602939
984921427
2800413164
1382155119
235150733
1465131582
3873338430
2801695797
897867969
1159942604
3722946485
2920663051
564054082
2583681236
286264308
651453296
746112574
782133985
3145303509
3159449893
1978577503
3897470671
262088596
2078926582
523184845
4197122913
2088952271
299849506
479161941
1386089257
505365566
1435865054
3637099055
913346756
743780895
2132820490
1395381710
3471440143
350993789
3851578767
3173024172
3508605958
3821541476
1971016406
1636781847
1817802209
2812136462
4040215650
2860017988
1919415171
1192751865
676443964
3622990503
2814607497
1078075031
2347115023
2392585157
1646712256
313896448
480395852
1027088142
4106560865
1498627426
1124997880
2751464046
354497226
991381493
3237783720
2794147825
29983547
3062607069
12432130
1114513124
654612619
1600097189
1925203324
2301606322
4188605680
3458416108
1656404742
3064525238
2530479971
4226461147
3528845449
1353189277
4284826742
1952376007
4102432092
3316807411
545910881
1567920269
1582164867
483206793
3889031409
1784195291
2921894916
567663475
3794997807
2144433788
995469006
1748901005
1534876221
837518893
1769582355
3514180667
1563830561
3004467388
4011331576
3504027286
448480712
804230554
1305589307
2134927771
2969794571
3141041123
3145105705
1512065359
3075076912
2803365390
4109794140
1894773153
1578098863
2745140165
3022781990
3345841011
3317544170
1686400931
1485086313
1532560706
390810629
1230686432
3665386013
2302122200
228680737
4059008401
1206507741
1947366739
2103397112
778466
4257911259
2563834499
3549276904
86094401
2522553157
1545003686
1184608346
4133552122
2259703618
1082128239
60457098
1047988058
2633018163
3041085324
1935579282
842348018
673764019
1246984916
3474896895
3833354894
384705149
3388435607
3054076376
1960066357
3248960051
2729213815
3335947828
664692437
257991085
4248864739
2248710251
711632846
3420528442
265562823
3807642935
1599134329
3064886033
1431399452
2637006913
1010459906
3798581448
2767136257
3168304747
35386213
779457233
1008272187
280633651
4026929293
442603507
4172014882
2301429348
4173857997
3508568070
692654034
3631302649
886727817
491769854
3116818634
1754101951
3314139780
3875254578
1621040024
2034830378
1545812442
2499554077
3009929439
2551522237
3394100967
348762908
1106302416
702699107
585392179
1424376994
3752477180
744056926
1297964036
2440407087
2198976919
2544686015
2225220331
3781418343
224318240
2254253985
1313851028
2987195423
3496273511
1717971219
1242602020
1201176494
784020863
1511358770
2787637317
3206687806
1096493131
3465328521
4272876425
200258066
4045888551
2599523693
895151154
34265953
3101489893
2685391741
87799647
3713531969
14716324
3956251506
2423070251
588822615
333027178
3628791706
3975894164
3683662029
958971337
3189224098
3696078298
194490351
2225908585
1751799177
2793718919
1407455634
256758261
360603910
435961941
3494495834
3526161669
1778037801
657361657
3674930907
2911975383
431975122
672211216
2279703852
875006783
237418265
4157256540
258713673
100548919
2252007904
1249339909
3893830206
1886148513
1153465580
4240917361
3710722484
2134758337
394352390
1093050980
1687461566
2242311564
3311601157
2395827954
3361420611
1329103441
2584061088
1732742184
2526859328
3311479339
2915667364
1254109800
601509300
2155872700
1539996270
729145922
3648274295
174081819
2928461883
2284483979
3207894094
3675494701
3159089223
2184077750
312981160
4138106044
3533239902
1273408599
3338436965
2788289336
1429388757
226995588
164237706
4023889317
1251340243
671790723
3924872811
2124286884
1168582878
445458060
2029476802
1928711559
4174042760
1051268470
499075422
1357031838
1087454050
3733533169
2188413467
2819556750
3557336026
1323542904
1505870989
3135436269
294931029
2966013546
2722698002
2963386311
3434278288
2682548627
4288822973
3315675089
2441254100
2942150440
2052674232
2709387059
272538430
1191895951
2186701575
784437632
3142039177
2135776879
1526308289
366473409
3513493341
3522003889
1235589785
3225436586
1284439155
831496124
1210198808
3889747052
2252890563
3473230990
2959578137
2884208352
412445860
1409840013
1684885278
1274217870
1376945299
1710812370
2763803511
2239050368
1697223036
1849379373
2734952370
3509843986
2538941867
2409154957
365406467
1160551862
1539165908
1040677687
919400689
2103266155
1661921296
2322716890
2204475854
558802678
2146662898
3567277453
3187604719
1354820312
1225455171
1669563183
3646471714
2967223519
3199694083
1333175687
3604774479
940721893
2447769968
3938907776
3334915337
1352531555
2564586387
1035919522
3165728482
1399664422
1540796395
868632868
3467955236
3959295486
1055617425
3089907018
2121257615
1797856114
1057367352
1179280002
3493352727
2434584076
3448119426
3460429513
3414005858
4259979256
3897066962
1447647380
1946918867
3070128794
1076043346
1189726712
1645838516
2872766263
2388685187
96975861
374241078
3633270370
481587915
3020519366
2258366501
2067748663
2860487784
678894606
3608375451
1644206626
3565652708
2395181137
2328018867
1858622100
3847653155
3412605660
3892980018
2984696214
3180385805
4245110048
1278030986
859515360
1626957207
1078045257
1910201406
2105135444
2358277296
2000471407
1869409496
1279358123
2202608655
3914153551
3048523900
3996914834
3657988296
4031340255
1755162183
3713176891
4217656017
2332865919
2354753855
395511954
3465868812
3474004657
2475000875
2554675587
1972294251
2058614420
4154020022
942544482
4104310033
584509409
1816767633
3497749720
2173094083
631728519
1064059849
2678609377
3126127091
2017901084
338671477
111189491
1820294754
2078990589
3089958557
2083136087
1757842071
1563728623
2629004967
4243855855
1089541033
1175329498
1618512631
578272083
1759792725
671603504
1219319490
3703090542
2165737724
1528742829
1255711628
2874152916
1472460613
2954167022
889502392
1476131606
1369935072
2611144493
2243495542
77228091
2652292527
196222285
188422839
3786344565
52510974
1747756079
1195477570
809061355
2922241361
1491579119
1005901415
3682123230
36572677
101120183
3102279145
1469839809
2208132824
1702916947
1688160519
2601002226
1904993107
385754055
2801244115
1526611763
2912538828
2362827635
4210032064
1490578430
3504343270
429053769
750846243
2707868189
3966001112
1232479708
731590892
1906464666
1436507936
2738438673
4216757766
500253435
1931019254
1361142233
2421823952
3391919613
55970114
4161132278
2897781933
3262165258
1544040229
2215719267
2412252587
2191589861
242164181
1254186133
212957870
1915764023
2646360475
3612714012
1050124385
2522700144
3920574614
1236977031
1581466635
3575777455
3757458031
2560251175
3840160458
2048815756
3151289741
733651109
3230976079
1882749147
3757126568
1580294914
2010229657
1479322115
3480611169
413931329
224400258
1696205379
65146709
2384158346
2120957837
3804123886
767896356
1231714071
2162784245
628234097
3909383089
2153615086
3760928995
835218016
3383589839
694271873
4148593587
2032893709
2259096109
1585518566
2513947173
3175239809
1409989287
1200418087
998898502
3426271402
576498064
379942255
3277421522
773331747
4269394649
2585808397
2888338969
1427370076
3507481389
2152068607
401024525
3788194367
1186473210
3771692946
2356881015
2772098522
89704294
3548835968
2980587270
2556331190
1556294861
765611308
1826521169
32559997
2211364614
4042949724
1390997005
3041676458
3455379218
2684547735
2958396149
1198430542
1575640168
3439798747
2016626173
576014275
208574043
2316023240
2304168074
1932410761
2760119704
55947418
1091456630
1991635113
1397801233
1309318435
4243015657
726977293
1936852653
233697203
620695728
2328966896
4031429377
1656454761
1993258855
2275434862
542006170
3354967891
483503585
3742723611
207430785
2460028459
952348862
3288604847
2762964737
160368121
678501384
1227088104
2194069068
3210064808
2733739002
3122201612
367539292
3576278357
3279766433
468307741
3910068475
2505200766
2246465148
4186415438
2774044630
392926508
4246187397
1388647157
2292741682
276381325
3265457155
971888499
848593250
878097061
3653628591
245927016
3041159616
974584235
2259453434
69681017
3772768902
593543407
2393360724
2095258822
4231756071
2105154931
3197742397
3802900619
143544820
2908905934
1777621571
3537246145
2363720213
2304354000
1422326061
3329901970
2467822998
774413102
3534017019
995608376
2199649631
3755786491
1421535379
1635064702
3431405527
2838199542
3526498490
2013581768
1359136493
1040854328
1911669499
770316049
55025320
2468024251
1532402590
3686629804
1337567523
2029482693
1244328141
489767820
4195706652
245879159
1383862195
2315799000
1277872528
3631972869
2852891110
2066381374
755602641
1513855436
1161077592
1754612748
618646589
3294025105
2471490550
3758197956
2844427527
730240139
3673577859
4142689451
467972705
3119292381
914741980
3232009396
912613218
1265997366
327100050
1405844715
1459414922
2840105986
1130506382
657045271
965218710
1970119015
3781812131
1323830340
2715025673
2621104257
72763245
2878698014
4156687486
1454602715
3579332939
484351337
4077957069
2972998354
682131537
2860311062
3642667723
522299860
1892080999
674257635
416355929
1422492349
2874690691
2185552934
3462226263
4054496489
2528971594
1036403884
870961024
111024527
2868198106
2514062824
980187370
2559976238
1050432016
1653716710
2328641580
3229740587
727723925
3511115597
642379092
3093368064
3494206675
354276269
1977207184
226461295
3380039728
3714401254
1149231041
4074560949
3175935251
3908501296
2108504273
1474214503
2256699000
4004685832
3070535531
3465370115
1313911290
2561590124
2466853187
426337212
3862768817
818033986
679086020
4207209235
2659654364
1391731444
2883201734
2268671667
4118476757
271635065
1895364267
55244078
1400034438
2270858665
1208622354
37322795
950558562
2715097546
269098658
478406577
1900008307
537983073
2416266803
3409818206
586876433
3171230630
1744984709
1248278318
4143180792
2793012454
94186194
1507973797
2074303416
1141029875
3193908579
2534639851
3162515980
4084043222
312656413
277360514
1976539930
1473359043
4030210677
2103528510
1069193542
220648589
614530390
2360626336
480504736
1588340197
3952775645
154044196
3380029623
1621661324
4250722422
2793104506
3143200374
1534382191
1780879423
3627136088
383872984
3918819037
3303047293
2033911828
1351947536
3364400432
3022742667
3965487968
588582722
4161332763
794337153
3424025490
2465370209
184999710
2259468281
1522908833
2147838840
1684840433
3686947554
1794323687
2434151212
1762990196
3757313147
2664704748
3344794556
1305370406
372703998
321206452
1340620692
2919300452
1554961202
1428074430
2950703754
3094515553
3217826570
2147647219
1503833335
3451850961
536492118
1208961713
2675982442
3488660220
3552688526
2728322796
3382572784
2685311665
219731111
2760161533
3675747349
3660320114
936079545
3995973762
3743741581
1160065805
3372299157
927694925
2402829480
1281954173
181188180
2935762440
3906786710
2417044750
2584379491
3388020739
3951595136
3429155837
2474076329
3239622777
996706274
2088237114
3341298848
3064332172
2940563530
3241176303
1238463615
197195407
1107534170
660934774
635725642
2283636203
1978445944
2843033975
2687956779
2015198909
427569772
3936122279
4006275066
3998598148
468453409
3289469303
3810195625
3725954693
560438425
2854585573
316570094
591679951
1895270779
950104003
3292344105
3079200172
2993638997
863866039
3805334760
884090392
2995840354
4120656044
2908135130
1536127870
1884343194
2489081767
3067043103
1150464004
2596271341
2514643074
1604990929
2434748664
2717354182
903108247
1147485825
2607860147
1530228030
2304144991
4170132520
2678989899
1353517503
2669433338
1134279218
1148317308
896913809
125610307
879139068
1300258895
1851753482
2492404091
583258485
1356164850
4114965459
3352422276
1234085526
3604469958
2973929276
1572292239
992629451
715067027
2619421815
4148110388
2686619771
3132420959
1816153788
424806589
1751160049
3385340678
988644399
128169469
2582380805
1227895818
2895310269
4209385020
1381348897
1701108590
3228721468
4199416132
1281210176
3804120735
2403780887
3221615713
3430791590
4092878023
3484490571
3684001313
905529036
2275999299
2424817725
2491407838
187302307
1035921206
1933074847
492543790
1859388575
445172621
2381927692
3873011420
121790355
4092342532
2157183366
4262995347
1308648864
2242383854
215506701
2821655651
514818388
1188020166
3883176534
3184365640
2347781144
2118111150
193060415
835295928
315395688
3737171451
2569661212
3967494778
3488287694
1469502008
1632100287
627601530
1264399876
3745373728
1705372084
1791396942
3607288069
717321808
3410097268
2624776976
3483915059
1053792325
1526340688
457598435
2986941964
791984801
1516367551
828750698
2779448790
2082368269
3287783179
911509170
4256981709
4199766281
3099191184
3034516333
939842150
3654679646
74360139
2224203083
3050235146
2264667749
1676830309
4071362165
1033972140
219610668
1673959912
2969621432
3471627587
3271386582
3588037526
3275066569
3231683494
4037638189
2466362876
2211990302
1262650372
3604630895
3909976180
55336381
2080027131
2074102563
2925925797
4039006649
2822091784
281827392
528318974
3933985009
4252684033
4189339514
3426785824
1235737586
3211809533
3291517845
273761930
1469776028
222133573
161293412
1901567481
4212110536
2525172276
3321744933
3651301879
344692252
79500758
3723804661
3329701474
3236953213
3271363159
1798284078
1581519730
735051649
1058182760
1983006519
1106258502
2702543284
485674879
245130219
3168760636
350895979
3089967944
3025598879
547547788
2172011217
3218481491
3781511041
212978775
2504391492
95077738
3487012177
3753215862
2556932312
4011369426
3803832457
3645663551
1548168476
209658369
3040361065
2653584225
462898133
3701401022
3803418766
2013072469
2026063856
2104345311
1678729461
192058568
1564299221
3421574981
716636765
4054006580
3988740472
2668185512
2580019655
2960559502
3485588200
2497945283
377489632
1794541356
3382277971
2563765399
692317039
2797834592
2791170180
1834670565
1948793798
806436782
2791301283
3079661664
3927267961
3888941321
2853299846
1215398944
2571163863
943375680
3518754414
1601969568
3917203123
971123997
2746295046
1197812805
3977996746
643804237
3539322935
1961446554
1879917053
3911682621
465676004
2937822721
2125497252
916484572
4010119620
1463265669
2867041981
3694035951
562707121
2103687804
3550676808
1951297665
1914948474
3535371909
1708361089
2407461440
161037232
2611817355
1868333346
4135902447
2864492319
3021351865
2257493008
292421562
1793055444
4100654356
1590368089
412063996
1497205007
3235181099
3202502355
1318268383
1559518968
1161170
1480729567
953090667
3386111666
616775350
2607520483
3012458777
1299758966
2288217184
1550335044
1644696760
2226645375
2922025897
3492577522
2612317117
1771705773
4073307041
436371019
2131055575
2898363873
674350872
3367500866
2450249460
41466247
72183387
1001097697
3218716151
1366019486
3853589132
3296167345
2345348115
2457897994
3156533863
2933998276
904411383
4043645083
3290774500
2494857051
1396378335
1609212441
484913196
657874807
1734625785
2747651262
762500128
3887878214
1697101551
2578569025
766011633
743414632
3048200388
992482148
2256344465
1415434240
1279912584
140539818
431897376
464768501
2912664750
2601656777
700295767
1610207241
264654176
2070097090
1817407279
1833926438
522984192
2534918324
3819205979
1917818857
1438866667
3914432468
1766700652
1945265657
310319979
133776605
3864974826
776108090
58895142
2769552629
916782121
2715363000
3279208428
700422586
2467505717
1989541344
2259673365
1484924480
3531074869
2844532302
1558459536
3546322082
4149382090
85372919
1604841099
3932521378
974322624
2237847656
887196014
3001529498
377212097
3325798261
109705391
3267075293
4182927627
32605531
349157188
2232135745
3791714181
2523012625
3417771331
252067589
2373959124
3601304044
2659103670
1401247380
3213666736
3045137565
3522847175
263587131
3372795609
189331696
3824312543
1837850959
1454220045
3593738022
1037901078
1104991897
880619182
2222196299
869449142
1039711792
1597834916
3880928453
628074252
2734567498
934710183
3199871130
2642499703
2070996606
1156405379
100614586
115409894
2601718671
1403486180
654696858
3996756636
1583352268
2926473297
3333218404
2790951187
1709197332
3876996304
3065008952
1607715270
713898361
2810879419
2065659818
3767167217
3428332518
3516231668
2427031312
2773204385
4003005099
1130585125
701711503
1808945447
728212733
1769393289
4120421108
3313872386
3114730749
4230625525
3083886176
2411932199
679708167
3380397879
2462400393
3824978529
3395821389
2301463888
2131929001
3589095665
2990285764
3090065854
826598845
1454168961
3297391115
1949173696
2601638311
1628029757
164946620
3781705324
776200900
1429564448
2873160551
1444761185
4281152691
1948688818
1777986347
2557072905
1865862357
3487590822
619985170
3206468007
2183009028
1224189306
3574282303
2773374129
1636051015
341964379
441257095
1963130457
849352313
1802429039
1334261504
2910722677
840577646
2890266152
2094786272
3819495894
162129806
3133428849
4089354764
1175784487
852582193
3326483021
3748780686
2612670196
4181442141
724691292
836175698
1064704096
3222940879
770642165
1214998156
3757595708
143679718
667211145
4031581764
1993329789
1206470685
3783015360
3998351113
1474775445
36281087
2500774908
2951714200
244527962
4023980714
4197625831
4258933996
1540231584
836583417
1361420969
1747238865
3494051515
3183789690
1069774552
809422562
553746727
3278127428
1863626014
3893841836
2337652309
148353088
3211416197
952938814
1573586234
3906970749
3184111310
1637792194
132006239
4184422176
446575797
420211628
4122069468
3802377454
2011039618
3142861000
4216702342
1791466724
2031432682
2764593148
4166849750
3964726713
3823340719
507300883
3368577772
1065675734
2961595903
2693404974
2070351981
1932083011
1561690619
272524438
3221579280
1359369235
1504202539
2786268717
2890648408
4036902626
2864581265
1060294560
2572836675
3451709433
3759667373
2518008966
887147689
3361832058
4264058013
4271945639
1464024845
1313560236
1783530752
1940617852
687869705
1219692264
784284949
4017784342
2737185993
3921941564
2627769658
2243974494
3626280125
1727509117
3987643019
998392966
3588216414
1385039850
2347403397
687056702
347435682
1368211674
3873990679
1865974415
776022287
3097941148
3634254349
2099457668
3009656774
62490312
3717212823
1975962003
196570919
2534958300
1545973160
3693921108
2214642215
766016139
3234814073
874566557
3094770282
4088677104
1131422935
1149059455
203482191
2042382389
1023354160
4061361814
1780710747
1246915609
601933356
2186382405
3057217805
1570038976
4048509711
2826345039
2338240497
2711880312
669888101
773202243
1970615550
1889039831
2086784436
756659085
214765600
128414826
1402752211
1055164359
3074530031
1202549516
287880100
319471661
1547012187
804363046
4062514857
3553897463
2538174601
1388911371
1426975883
528727903
245212369
208273541
3405083001
343509470
374341899
3995134518
3802743065
997266728
3436606959
164761357
119137839
3841042870
313505427
3126405168
2117593333
2645887807
367606700
3451397524
2004741556
2387431502
3276811554
3690958009
3466548553
1826114834
3135664897
1121964012
3139645995
3523306589
1213092105
1973796188
473828891
3537473090
885025781
3005841436
1938512628
3484390566
1838541441
1118751898
2346471006
920417241
3826808098
3611678046
2256362970
3091293727
1479441470
3191068672
1771873259
2507962364
2563779155
3803897542
1627389253
501628275
4262293714
2655368104
1741603120
1921526008
1419826287
185306552
231487053
2183698217
3783834919
309134122
4191623022
109268087
1579655854
918856843
3470075827
667118807
904805569
1547886748
3225222750
1589746044
3823076292
3688229034
1675640663
907331841
404190005
4122835506
4285441200
4222941081
1373635648
3535167512
2664454732
2201142230
2190306649
1661646808
2438383087
3607586060
3318117344
1155298281
2906364174
1990262640
80440418
922976696
782805348
2167397858
901413439
600017303
3840088765
4286587929
751176707
1597578559
3362683850
1404763262
2902770073
2275897285
2823090654
1567020501
2812896349
1152829242
3414689618
617123108
2787162887
71933996
3856461686
2322696424
3374388509
500273017
1454457884
2835870350
3551396973
2164177437
2612377605
2353343614
3997365159
3718641650
2756219235
2371399394
2837507560
478271934
2199257535
1828186108
1551691927
2357333457
675732665
1640106511
2193517985
3071754889
575552994
626434470
2968967262
154831642
211159508
661036400
1251220038
920655692
3572408445
1401316917
212883916
3536282766
4097100655
2002330245
1531802164
3080864763
875594044
1213516298
1946281768
2177315897
1596957150
977280803
4281340683
940164750
1794235676
2187592054
865342849
2638256712
699401047
4088731517
60858670
3615289959
2853024580
364019059
4283812946
4112230736
618846899
3468677310
2608520753
2146017892
2608114160
2779279164
2063500527
2628484922
2778044523
1100577458
2912702848
1859926060
811634755
2900867799
1309351933
3670015721
1352926439
1695400772
3364964979
1291863906
610750759
1147816916
3787731615
2763955242
4153297192
3233588035
830967362
3301516025
2563264309
1261016098
470900460
432356002
1491787807
2671359872
267695992
3252496988
2162842692
2517096175
3704291397
3842102899
3823401000
678944567
980350266
4259473316
911427255
2454380051
1457305329
393749016
1776980821
684897294
2495611662
3236371005
3443277474
4076757848
1877117038
3707457503
3483762038
2277529825
4039059164
1416516356
3783758542
220177134
2763992401
2292256830
1999302439
2406822382
2420663070
2856232018
3662653264
199104918
2581998683
2309361933
40823779
2760086274
2697727062
1245982756
957186723
1988618420
2883344400
3265125183
4108292627
3605623304
2995196034
1800445848
2889193182
2716813801
2190605100
285242191
1534174173
3256505414
98674679
3683659406
708904731
3032169632
383961402
4109758717
2837387880
3697307546
3749470249
1935171123
2353783401
1076844031
4218538367
3916913391
1248941704
1515515933
1683993194
671667901
1081947912
4019214110
3426456349
1233133557
3930425708
3701844353
4062397479
740452166
350277891
2169105655
3784758429
1369179997
3860566415
1353101599
3192907195
2825636123
3584912833
1906504230
448076115
1778440539
908415528
677253452
2332508739
970818189
1473284789
2483116607
1448391759
2769356026
1883400549
158221499
1974044207
3511908014
3361498683
1272526967
1611183818
2179560005
3395311568
1694543748
2801588485
4244175212
1338900948
1618123003
2192366836
1300042785
1229035113
3747998848
504097025
1269547004
3545978820
727895531
2823002951
1584761284
2838792205
3702099387
2313316657
3716648871
673610532
1605291871
3497240593
3018025241
1442573463
4112876025
1045129114
2321487471
1876803274
1956758614
1412735482
1882867904
1380079148
1200350042
2079763522
1623834389
4279345963
4204042203
3413846700
3964896575
1695570961
1329253213
2716061617
441892443
3965519169
2360854798
873710039
3022641788
2271470393
786157902
1556914333
3776326961
2470640136
1935742768
2738393414
2698340401
917642145
1327992454
1178387557
3226660375
2592702617
3705759506
1710337577
503799819
3266944781
3528739616
3634433994
2748231005
1587820999
2908051335
3953115618
2526218328
1107660887
146845136
1465981393
4233513455
3028978671
2502084537
2332019542
3420207118
2808844372
2075821300
3057471950
4229426872
3294414681
500770395
1675869287
2837429089
667400042
984543048
4282846680
2359377889
2696194488
748780052
2896662119
1641251294
2213756547
1685716992
3053023343
2745570966
375799556
790627
1421522875
3227893328
709675931
1064979505
1587613139
11264834
4225230737
3064767206
2162177272
1324780416
1286309097
3037230063
3523534741
1795014935
2331907898
139820714
3841163806
119475970
2564705875
389080255
2429858647
604060149
3450395078
2168600750
419678125
1815431722
744648527
3587496591
314518671
990078575
1680450955
3232988364
3548659288
92836674
1335880384
1330403892
984171728
2760347582
199850017
2053409256
4122675553
3633593236
1942914859
1358450465
3586105478
2710247054
3384740462
1614814507
1543170764
1333664136
3355855181
2319119177
2973565596
1023787137
2538900933
734126589
891339254
2722878847
4183069736
3241534364
89994440
2800851445
1852559295
3200754599
4037849428
2673962447
1965781070
4245676767
2897201559
2729933128
2739051671
1815823432
462738845
2289439261
2069219793
1758106174
1740042464
1953050586
1563592298
475953793
1738207597
495991147
701407781
622198582
2197987338
1579976178
2203734261
1503994948
2073746393
790460795
3340924167
4231039247
4192472788
422081633
155157497
1335872238
1544681620
549895430
1338591343
1915550520
1194090623
2044923677
846028663
2198774594
1976352332
1533627387
2583780823
1598897876
3367517003
1157367850
1141089531
2761792100
56570831
2679012170
770711242
29405980
2008806599
2568658231
3000595187
3697623989
1363951335
1274518642
8447949
2695258263
2212089761
2177399856
993985204
4001660893
3345629357
3529525704
1126355116
4164409989
63910414
2255941248
4249083782
3925795573
2045226876
320475925
589338656
2573051934
3728888937
3635935458
2441605935
1045467589
47477789
374196413
3607583309
2004118716
1903083430
1611187194
2777807042
2516555830
2051497510
2123415105
2671627524
1953914854
637396771
2463793879
2367491167
423837231
2290242119
1085977135
688259924
266640678
871184456
2681484532
3820691851
759095246
2630867769
832353609
1845041327
4220384217
1306823579
3980401902
3328854261
2580255478
3820435348
3395265611
1169096784
3271424084
3347891092
647227952
2121972095
3537838131
2089058638
1743708754
1665710755
1176363376
1394243225
4147656795
674641775
4023011168
3391206585
4062513490
1589754825
678191603
1147315503
188677074
3502307830
3180451865
627332829
1454478540
4160400640
1947544092
676278588
1920347250
1936796647
368077180
752040011
2215615287
2936797257
718966749
136109539
2641467136
548165368
253504071
1625685232
4169034572
1043697405
3031787457
3334761866
748642810
1542119788
3539258969
774763978
2471996088
2185679072
1143997887
3160021472
1321498148
1254947189
1189625596
3317632420
819811499
63307836
4114602716
315898337
2403094465
3527827124
1376942501
3288962616
2194408401
915837274
2265313746
1812497942
2033311707
9081523
1195560442
3655865947
2342819817
1513958747
616629547
1505304082
2505692040
2385091801
1234806395
2596293860
471412083
594691104
2661871224
2329752305
3879805003
397245938
2758820544
2507828838
341206305
1808369819
2406350131
741915137
3996392742
1033454145
3322580559
3425003699
2441384142
1904951211
3554805961
1793018168
1777624179
1895009358
3118986714
1589122142
3954437949
3681149048
2846462700
763263803
647018972
4012355926
2528375086
2028680575
3014364466
1887983479
3645407113
3622903903
3741829060
3124609402
4044424627
1165180410
4241522723
2973392412
3191497346
2622655437
726029239
3061253525
1745881333
2150637169
151896445
254310119
964586027
2935356969
1439904717
1193478062
132990593
3098589906
2231785418
3879658120
1592418782
859007935
234842328
3743829288
2910976811
4234294927
2112908534
2021732139
3298872727
2901197446
859701294
3664652682
1443692559
3248813099
2985745627
1062689024
2945152034
3436195929
359994369
1086045081
1064380282
230531145
2076348095
3243232306
474289887
673001612
1019057632
136239574
4249952873
1379746977
4167222680
1473108933
302173232
511040552
41952494
2033548384
2292729515
475463697
2555492374
4266128698
1951484981
3884797832
3458814252
1706556397
3920318796
822367090
1338313164
2132308714
1465590730
2004740922
1764714077
19837039
2594257450
278180944
2702254596
1102730283
2758193831
2541216481
3284771047
304200497
3670039336
3441407060
1046172318
1889972101
650408514
1115745981
905226512
2665273689
29750477
1779176112
4179688041
1715308341
2092046076
3108219078
215852805
2639359182
2744411541
3562846303
2698969542
1158351153
3776560243
4108168610
1583472488
2956278116
1750783991
4104133537
2245506012
1478697283
314012789
2815433184
1694186175
1254906734
1238876934
873041384
3941263165
4012258488
4159712366
2372506588
1971020608
2286054245
440661628
2712611705
1919751772
1148491685
3719915397
1914181490
4067592233
2531467320
2771975931
4267387855
3056211520
499878065
853478733
3485469635
1564706987
1632455085
652777973
1268902086
832338950
3767565168
2150393948
2364403544
2781806832
2037472395
2108263850
739365394
829981722
1088156012
3769418180
3382303250
3784999244
3669455784
687590694
929762853
540348830
4183036968
1039219317
200541512
2373601664
4219324606
2578966084
367186214
3950982576
4224758559
1750768609
3702874076
2367123454
1858051558
2044994036
3658711268
3523154696
232414615
1852416045
3350479635
737770312
2218316915
2631140625
3666168051
2156713442
3567789900
2273418193
3648905518
2924797120
194936400
1803540285
645120093
4117482417
4007463569
4250173959
131604522
1275576097
956485592
606640834
879982947
2959844959
2164517105
3411076928
1814682527
2605618177
1014552445
3106010877
1207605875
4163186789
3157442089
781501671
2270990207
675038578
3825176282
2825081961
2339175475
3695161778
2983076698
4184796414
2899599749
1419338819
217431647
2790261605
2064558932
2943309061
2853580569
3068655381
728925974
3046470605
1253470752
3462569347
3382146390
1211174198
1750962466
1037001394
2026292035
4171216930
435199753
1286278125
956655960
654605831
3145888568
3114075611
3957762196
1942647651
2569254638
2990224183
2321981439
1173789193
4083971025
4256202374
2275767544
3263135589
911716745
799106507
3686739681
3371872338
168374724
2352091240
705313037
1932619269
3702918917
17526438
170291934
2264648377
1533822957
1306664934
1836985925
1563388614
578950909
1357327260
1041962371
2383326223
371276172
3560792845
1499275942
1917396589
2242488338
813301858
3390328345
1910381597
4249189147
1761969133
2913143571
1077071838
2895864509
2641783586
1828042752
4221527688
3511210456
52075964
1488057341
4077897711
2612162394
991990136
2204684233
1220977973
2881159826
3829116750
244294321
3139072827
2822910854
3422019300
684771596
4150847057
2434119395
261837989
751063059
1514063403
2263087199
3177129327
3093026894
443840571
665469781
1798113122
2729688358
1202070111
2096524719
2946462140
3683733739
3926138810
3668712598
8551687
3694894160
3180961275
614623533
3802643201
444035705
612154359
1237588190
2816025361
1846772941
2206033552
320230726
636111579
254942543
1339697586
986758106
1260345753
4059725478
476235993
1364025837
2376920383
1760996648
760996505
1637801260
542328812
1644278264
2051616057
607191854
1581970843
3670232084
4280475683
4279876012
3278385350
547966868
4075428721
2536321096
1788588143
2476386260
413922957
3281075708
1603334197
347333265
489874604
1829003000
2718848526
3411929144
1476437204
3015559458
171947486
579429712
1592620956
2054511311
2464685228
4138299093
1720611826
3378978161
3616600738
2304942461
3035971632
3545913709
2885659624
832633785
4255859516
3426747930
2559440509
4098569214
1851279663
4131880876
3753602635
2144300214
2423902678
3223611684
3282353758
1948541646
3426711
756226321
466229254
862106122
3630621917
3558580889
255415576
2151903518
1392505679
3408614386
4194750349
4020393855
3896367512
1475269169
3421859004
2613709672
2641803730
1828252477
1800765427
4249901028
2274032582
724815880
3426144710
1891214286
626229860
2522519288
93816466
261381198
1706640038
2205807203
2521261016
1142044244
2559700196
2709013951
1129705517
1519898809
3935345459
2807900220
559690388
884519247
3448317671
1262769757
445413817
4101440696
3794225385
3267986452
3646654446
4284800062
2481003760
1910719088
3391595779
3239635074
3495069836
4167753038
2398338832
4245192131
3707742817
2448713960
3933644067
3174530353
1781154884
3903725052
778675746
2237446371
2319118083
1194974473
229711735
2940723146
2633757231
770069427
1890793000
4043670873
120785721
2518237173
3234341320
2807402450
1982836032
2681767582
853551129
1664602646
4014621213
3269383054
1100055034
1491497189
92078372
792195645
3031936123
2692907766
193004663
1848750486
715769655
906661292
1803239619
1698304516
3183327945
1778036298
3220404776
395949384
1473177777
1003343368
1051761693
366543773
1775479345
1785232932
781170540
745504983
977118859
2890120675
3614043932
72525720
363456427
3942419975
3256766163
1948415788
2000066826
69119959
2514334965
581764896
1851597473
1015420570
1732946813
4192358727
280088765
2632775948
2170543095
1796992991
2751264765
2268194754
926915475
3989645533
2296055768
284661408
3287479405
271816419
2892097521
2943946670
427060835
1794523226
36273789
2876766015
2144555327
3974032459
1380804443
1699807747
2945374967
717999035
1532182923
834449758
2407707245
1406821565
20252033
3112994905
815030895
2967588461
2427227918
499814496
3483575707
1053484796
2549024521
123388688
346064732
658590711
3877226369
4139766870
46626179
908325720
1851595479
1250227532
2543904751
335970859
2141248975
1804479188
1371046230
2393351333
1648412312
3798617581
69657892
13585217
807277426
2941138986
300549855
2640265923
538741931
352189220
591533487
1095581454
1799640722
1438496923
1157103466
171427613
2963654234
3459794701
2259202799
3247040179
3589921898
353606490
1736452538
3657401492
3616130766
1722873288
3636488614
2231701475
360457801
3314913715
1920721519
3631657266
3435913186
4065198831
2576120701
3924911644
1994878807
2929328446
595840280
2630885082
2250750226
2068472912
1199994284
3819151768
1562848938
3347866680
691363704
2647101524
560306034
1603387316
135811022
1345089115
909448496
175706919
1666498429
548455097
1403617194
1902250222
2718186035
1531980632
912613997
4130272031
3388162079
2681616906
1501849655
487092771
3700614132
3074760079
3199423806
865481695
178579513
464020156
980632945
1728683547
3316741975
1092762423
1634892685
11656327
3118868417
4003056059
2071022539
1594193551
2268960947
1803807583
104189249
31573116
3701293229
4252914809
1836268637
14247961
2547178982
2138839681
3453436518
1565597804
1914825942
1398370318
4053758477
787620144
1222743106
3561667877
1086260940
1329114546
2938330532
856811838
3524550613
1940145804
2260461550
4252179791
753051422
3969656238
2537947900
509399863
644916329
194477717
2116698805
2144719284
1538428520
3851073921
4056072070
3687160558
2383946584
3066075239
1586477392
2989137693
3793864830
683213535
1477954932
761485853
1302774036
361668168
2468308407
1675770340
972781625
338701642
789693895
1390910808
2336957383
542946937
3803349922
4684722
2456693366
2055682627
1057975279
4267552929
3699729644
3810262143
763555416
6469215
1049727919
3895071080
1126712487
923377617
874433779
2073646897
634836531
3995795339
4170173675
2816989418
1255457228
1375756343
4063799517
29063757
3358119410
2889285209
4056290865
2216722555
1109293077
3646217399
2715447786
406454771
1304716137
1697307432
2599916997
3965976615
3222614661
476481309
2056235043
3686492145
2082681174
3179440180
3806624451
1786105126
1301672060
4042364460
2516850894
4275114328
1855068030
1084384023
2108676061
2011142720
2683777959
376366603
510984482
3705230682
3457407123
2346714771
2041698280
1960926920
3005601408
2308344265
2904679689
36981391
4253826115
228259490
2225056974
2107352274
242433993
667374693
767376403
3972049922
660324216
1885519556
578548769
3584025876
2854224012
4206082700
884194325
1483069153
3331923163
270449400
2816499221
3069159592
1859742527
2108135765
797838565
3541150139
340831100
3624586243
1179520279
4084909764
3413071916
3833228012
4005282806
4009982462
496201942
2749890324
516333077
3578923416
3033887895
2681793108
487543286
1880895956
3318530458
2384904228
2713738412
2027347317
4212021346
1324171367
4240772657
2723279953
235644369
1901393158
3711414093
1676762853
2855973136
2446886463
3106318381
3635677230
816262132
1993694903
3187526120
303512124
102293641
623185656
239209642
2415061130
2305154416
2308550687
3679706899
2433777149
449657517
1591032097
1427169669
47553415
4264769611
1349177129
3912830030
1168842033
2427475657
1515689656
847333700
985697360
48589156
2730015550
156388794
3873207255
1857173974
3919110514
688000512
3465190926
2704116489
2346676650
2952984013
4226114055
1544955896
2829759922
4018789222
2918873826
1152776383
2381821370
296939212
3898461714
697210860
1610128261
4167518713
444244134
1665884625
839961345
1577175947
498130392
1490144862
2418908552
3445740723
74016163
2669754402
1540769786
21983267
3495668670
3669664681
3949614514
3504676689
1924580738
3663927338
3044618130
1059199146
1503050105
55651292
1618713211
93989547
2748109445
746420300
669837797
1573452492
4194472403
233145812
2576004023
2317047335
1486889358
4107684261
239257517
3160899814
3874764051
1917863043
3887543213
3145829667
2438409197
3507580799
1179453696
679906345
620403630
1858555121
2835675319
549523251
1358567427
845088226
488603209
2166863460
2114655981
4103929405
4101110777
3360621989
2535630297
1111125995
3756495394
295881596
1685586621
454187519
3734472761
1630955438
658827103
4073533432
186237205
762551775
883022297
1274448454
4058334806
2118992269
2527607085
2425701046
2069884404
657178382
2423613320
1876333458
4028125858
2054353627
1063211318
3625130502
3447348193
2992611950
390097699
251184983
1300632745
3141555290
1867007573
3937420025
4013340045
2041177657
3781562550
2893961770
1384054795
2148288505
2787762581
2734096466
3194814755
3621958033
2229596110
364551570
3685345075
809821727
2564649639
3293102102
384711571
1081697083
1210872271
795606948
3273844073
2072426234
2497174627
2727301283
1323372759
3740004601
854151415
3102727951
1023543324
1825365433
1115113830
26144191
3386582950
2804672035
2108177694
2535482615
1615208299
2701598837
112353182
3586158227
1143627199
4025254760
2129776030
3987928151
216389325
4082152459
3117252129
3355309368
2661319655
3570031899
1452716755
965781657
2525435629
3285614782
3463931412
4179642011
4271247268
1252814685
2728570205
85161301
2960191338
2008205373
650131822
3488167010
1362015492
3706488858
3322204246
1499394684
2845368875
1874495355
3202380108
942360352
853449064
229978752
1389777034
638388807
1081837509
3803689890
1863671299
3468608676
2514950875
1406786984
2692974172
507555470
938064056
1299354975
3019013870
1994450308
740998774
517669529
3863621172
3253418746
1944078743
3791389573
2384173539
3261024801
834243551
1877946478
3331702587
1163779824
406043295
305141317
3813572605
2952150749
3776638580
1241849114
1261947175
2346981172
3220640541
2644252765
2265887780
4037124790
2588238035
2327515311
1418395238
3903951704
156522226
435015114
2132478720
3712815731
601483180
3008415475
1351346765
2479282368
4265930987
1062764632
3992242090
3768425021
2345801088
3518022601
2917851334
821070124
1101101315
2780324232
3959254896
3612730043
3250359822
807191251
2445608193
2182245739
3367495121
3449630804
4177391684
1485882941
844013720
3553978398
3111946525
2628729956
1512090801
971203504
3592777821
104086278
4090547767
923545560
3504364516
594609774
2398808415
2419613255
1840779353
2458786213
1700650241
3400156717
3212678650
2215282781
1059109537
3558548490
4156577657
212620460
3959419641
1169786177
3757430737
2778316608
2509435968
2991219514
2363983685
1141594636
3147505646
86928814
4021143515
903016512
438368711
2726440258
1713787099
3412598155
1214659733
1085063225
1626542547
967966656
1045675395
2409366056
246350518
3231010946
1175961099
25960136
4289560982
3867385442
402533718
4019404138
1938153425
2434681292
2760577217
1289988071
2046694486
865037704
3132003403
1397197672
3202132647
1804365412
3343567562
2487952379
1312837448
999558050
1120611487
1815836009
1683105172
2135836625
738940681
1577571840
1903595873
551794407
142750485
731590265
3368412466
2460995732
1205398894
1278380066
790108796
349882570
2513019919
1496198912
3590910515
907099560
3049722868
3871055437
2502792469
3290146753
3077433865
1634394607
2722912561
309057036
826217554
3803792423
1160135886
92212450
2622496506
1786643542
3472381182
2341554350
3837178759
3187496131
2782167589
2889751544
3931350239
1260468370
2259460997
960000553
3666974033
2831908118
1712910784
1142880387
155494523
945605009
1461431024
3753758773
3635218062
1524145185
3321765402
3815935515
3910914640
3871371168
2502628813
2596502344
1823834387
233867796
3988500712
4270116481
1421118274
2608062537
490800804
1336216451
983590679
4215270461
4206209345
1550654624
1816919091
1628615680
93642469
3694876325
3050319615
1454076676
947002238
481291308
2038160112
3067816227
3460875368
207280355
2682795409
689177912
169137536
314154936
3271014159
3893330177
4130936072
340086284
3448132299
3954474061
783822696
1492011827
2624999964
397167905
3864297101
4248576117
2872121794
1418049038
1605808605
2661966886
3447683290
1649821752
1145038786
1058938084
3198873775
1319378260
1705900078
3688212234
690486945
2909134805
151497766
31890088
1440902053
2574105313
2124404690
1995973985
2126260289
2825059347
3898340704
6314667
2607126705
1155879435
2147489306
2945969795
3068194046
523847503
2628196938
1125361491
3897598581
829113585
1351640791
3618946869
4136162937
1343794120
4173977360
773845773
1352886755
1499743951
1240560099
2151955884
1626950056
715490437
2891217166
1482737553
1605789777
1658293162
2275117424
2738028829
2818928837
1895995712
1333151213
2018264103
497154485
1097784397
2983955448
203925468
297163664
2825782596
1453341133
2992413589
151419492
999891926
944483516
4136911277
2107855444
3016448207
3015056840
3100038718
1729236793
1174431999
2783722797
147567094
1438328097
3873963518
3769657523
88306826
3517179893
1344371834
3739337941
1690518123
220945948
548803002
4157760641
2271122634
2856051070
2833707445
3917580640
1976505121
2280896978
4034373112
4216470637
3327887070
1289271585
1411876407
4041234618
1162383563
2176781599
3245246607
3207238236
620637220
2009133287
805204451
878568244
1836934290
3426203083
3785312882
3386753202
4101475015
774229193
664414120
3277924460
2814060633
3331366741
1784489098
3380009323
2639686197
1956076729
817202267
1397170234
2704994238
267187479
3266786847
4235986428
3082312305
1096125365
4292512528
3917228294
1464111760
2768879053
2287422445
291229874
3632315217
4288718856
2873172115
2187278487
184980289
3356543943
1660354629
224404148
2923230554
3367188443
2982775359
3439996499
2806885914
3264045370
1581959552
1129395726
2093905761
3162536480
3787985507
272687433
2034139074
2314288363
495392724
2996608636
2028914006
3359042375
4104302495
210680203
2007519005
3990484227
3963839185
3580947428
2208643768
211287425
103991624
982178435
3814520786
2206834004
2049618456
3796479623
3031670559
648010336
659075615
500155924
4262408016
1410925599
2624928541
3126368139
2852423088
1494822244
2150876137
378049654
1153993970
3693558586
3090740438
2980042916
3430852021
4294029873
2978826502
3554078162
3356177537
2420438254
1116591505
1711927944
3715610820
3703830131
1674705491
167315520
3305684982
2216848419
2905265810
4229228273
2706680559
202569667
4293260206
1970305266
995890704
1501085624
4055107063
3971298904
771014828
4216804439
3593441019
3471909701
640128283
942925267
1473871788
2524338837
2219195534
3705795834
1529141077
1868072798
3516444183
1348137829
2431642363
1594068168
2247100810
1470469806
62549996
914286471
796547679
659873154
1893660443
445551964
2880691869
3139360229
1942404839
3866806231
1316890329
4011282482
1425799291
1573182651
3850798242
1457127191
1406042163
3723022577
2503780765
2137653603
4271708903
4149762842
2078043713
2067146472
456282100
1194441917
3586155367
3660750857
2922576131
3353505680
606909224
437230382
298317046
899269677
791846135
4071352975
1050056132
261705447
822902546
2331203320
2399074911
2709230632
3230320271
4191350185
589482892
3930502414
4103871580
3188782924
2211071355
3557407559
997050729
2188571247
2843750008
2893112999
1218876580
2106812405
2104284942
74582078
993192723
1981004479
1160258799
159037347
1226483544
956749863
3467717871
3414634932
1652718901
40424037
4253040266
3185667477
230046845
1981654023
3634411674
803867938
1528654230
3529568785
2329214976
4232591724
4007831964
319925176
4015222649
2819626973
2857281963
2616622767
238881367
2214641067
4205989620
1348382594
2311703243
885490782
467488769
2450036321
435774280
904559007
1848654359
3514074270
1079237728
2824427018
1216181451
65785532
1453517648
3954988711
532115960
2392959205
852475913
1934669709
3836326528
4267799195
288208473
1832484034
2826519304
1798892403
1200061496
658201070
7774595
4113531283
139849065
470278983
2902122848
254671650
3053849153
1327648379
1388238562
3892584132
641213353
1711316851
2049295281
3596181850
1280007196
1011739973
640187822
2715513873
3680443395
3535072865
3950601837
1993456738
2485091709
968621152
2438690176
1172560183
2836430448
2865405149
2190795327
2046388413
596831014
2462252615
4066622684
93439361
1809252300
4272273382
2520187162
3119085788
2129017876
1161850330
850095578
955623925
288259022
488328726
2850123401
3480074841
895085045
1876023121
2754622469
424834432
3189700252
1680803523
3637443212
1712274015
1299522860
1234510777
4117717695
2324710534
659176419
667206889
1113616276
1189660393
911952831
223793736
4002912574
1194086163
4203337792
1791888907
886892303
2151939472
3467496437
3405950025
1781236524
308273241
1332689374
231781715
1616029813
3230411684
1710844500
1886172396
2410076420
2917609373
3754370105
383890807
440853567
943475976
3849460730
2259688087
2828121804
2746083014
2331038769
3551874402
2778403006
2655103904
1800387961
1429434469
2341783164
1004167669
1276172557
3020171951
1325197818
3160971370
3881015295
3294729620
3168668580
4084117381
2038156041
1094889739
4192798934
2743535532
1442851209
3251319186
3580221816
3933657027
4144703145
1608307507
252689978
3259910390
3254402323
1174752696
2261834554
3551651452
3751174036
3878108045
1526843787
112444935
3477791503
3623270719
1353116203
3493258990
252797911
2833512469
1928069575
4258011587
1613827706
2566263182
3920189715
1115287963
3949297321
2887100972
827574282
3265609059
1610333891
2243078274
521853503
2682165504
3869015432
1949010457
346685416
3527208761
617163803
2261705955
2333662230
2616736289
1250972538
649544014
1866220386
2023398143
3493482063
482934039
2816899204
2503129814
1908619068
30125364
3744177238
524654333
2117269008
311670907
3665327187
1856972769
857028402
475430038
1626823366
324040442
4208705166
411036499
1291371675
3488425684
3283247454
102664186
1563010013
1363097141
2550913882
1254537421
3518134250
1839733502
131493551
3643614915
3079828092
1061252607
3974261413
3917717797
4253718576
2508823571
4261362708
2951064093
4138555514
2009218197
451259267
1482664130
4107721095
750852464
1935903160
3798866873
2449767645
2253991520
2802653390
1369045526
596356873
300730083
4201923804
2622605573
611138874
1035586496
3406696336
2492892591
3890505679
1627068776
2762136598
3073271052
2275531572
974799175
3301826450
85272101
486852992
4246620772
2615058783
1910542239
3602582295
2605087462
3951328525
840054693
3812095469
2507445045
4152190961
3597627981
1284664983
3280326845
1426827438
1700654016
1125519985
135431410
366493774
2146541528
3830582671
3432585669
1604125724
799114577
3668860691
1903504350
194850065
2345354919
1439992169
2743343839
3917174359
1115984836
1341728952
3787652640
4235011572
3017486072
4124381204
827693304
2302124402
2071198878
4070833757
480209269
264712289
2907575227
1571629256
1000290655
3878818830
590915375
535962677
677702724
3162367495
2369463071
4063151932
707270745
1559090767
50239173
4171957686
1038382969
1989878357
3884012276
734459041
3249602211
3503358276
2928813550
2325964827
1006617771
2371502323
2399711153
232763711
1110286792
2518963923
2988703390
3443886880
808122302
582172265
1077871256
3691224268
2582380150
2329296449
1217081598
330875685
1900233421
1887286845
1727216236
744051229
698550380
2266702517
949741978
2161578726
2212203383
1163088216
3042948240
3877829543
2129361765
2345298155
2949988169
2848626983
2362041283
2088321113
1257817500
330755009
1207000552
353660079
1928628046
3054037432
728712048
3293698459
3399549564
191266978
4281671193
3405515535
2440722913
1711469676
2920340374
808868172
2221235657
1149870354
2766265956
3244678783
1267980568
2225637905
3020662233
168430400
226652582
631286367
2090272185
88702363
2173406264
1337780733
1733928213
2117974625
3247123212
2880703016
1832493559
163671419
437598777
2956572985
957143658
1125212192
3389815480
3452118399
4097652312
160150260
2140753851
3546610989
1625462204
2201871216
2607404366
2059538943
1189241791
1931271700
2271480632
4110731407
2421828244
2650994189
4223794403
3522666338
4291989941
1262578562
411219533
594390961
2768876362
3033367363
227527040
3737348420
3061664623
2482233307
2983018118
2291566167
2971407886
1804555174
1372621039
2502471096
4008675142
2598604516
3542046832
4137443148
3125909068
4132919138
266246554
2694792795
403601628
700889431
1636978437
4066455567
458261979
2568686504
410011638
2664758108
830929645
1917077374
22312313
1958287907
2204602270
1687354892
3106410168
1835058810
60291321
2781168276
3690664386
2181175942
3342977098
77563860
1094400209
1501440644
610183345
428176094
1064895050
827190464
1246019825
3614553929
301907152
3996273573
884444530
592353676
1006431889
264377780
4029507669
1735234418
3565014780
745567306
2426809492
1337471729
1857103421
3309936961
3644133468
1920709085
624811699
2819880025
1249732543
1266319016
4057338847
3635417770
393090254
2729551502
1063518612
2692627086
2578770354
3370967228
2374276558
3898606641
3831761197
691116370
2999741446
52686888
906065492
1104122268
246169709
3020336328
4185701829
2415224156
2563564707
1617485078
1392952893
2246777366
2105220208
1592094424
2265809995
3797263960
2210755071
56169870
437581105
2232675255
30556353
2732850580
1234943818
2567893640
515365091
1090938743
3793796416
1372946128
2727426621
2479574244
334953666
601123438
658261543
1014026516
181787827
3194568349
805414974
2905359032
3202581500
3231454735
2782206761
1712143776
980374761
3072756107
2357965310
2941791609
1590208515
2510254227
166104418
3893419326
28254625
3884579429
363472155
3535627645
3932453003
913264869
4065010994
212215303
1505695926
1292701506
2426831416
3077951355
2915143441
3469289664
1545219362
99268447
1135027409
1103427332
615598099
209557942
3986127621
1729744768
2748818433
3692947220
2716896795
3476234779
2315385665
3998037845
483311088
3421732253
2125270363
3169686346
829153633
3509510298
1750979469
2129069792
1503172631
4113392981
3074553046
1929377433
3638680036
2231296322
995352528
3268837155
524942844
2799520971
3294029453
1091988903
2301966537
1684499907
3008767140
276742077
2189173725
3962113463
2244045657
3726502348
4276277846
2788471378
3810867818
3172558887
364479278
1923541745
2465604291
453487781
3056847378
2937651484
1167512254
856151442
1813900989
3722874455
447075748
2650755094
179229185
1520083423
2366382607
2375792498
918441582
1669968153
2557498309
2886722267
3874859378
676264009
2527645187
2709812220
2422983767
2992731785
3356015710
1290260723
3231961981
3335773491
2470946495
1572720692
1823696770
1342558281
3236072275
2092915917
2132740130
864418206
1893421350
194767926
811308803
170843844
2572030666
3322758349
2407754397
135842790
22595285
649814168
1447197939
3426365196
3985685490
1118421990
2737752261
346482471
154606585
1817510905
3241322538
237353661
2029723824
2418012467
2743858029
119260226
2340990
2164965803
4057744082
293381619
2152637179
2660967224
4092760433
4072544729
1553247058
1949627499
2273461842
1567028738
4210596895
4073458325
2324432976
2643250699
4033253762
329324517
84742841
953701301
1415224982
2437155382
3591433037
1500399183
1419458239
2545652121
1715130601
443513324
4092718511
3515186917
3672264080
2046105817
876370136
2391367542
3665516773
971286752
2308455896
3131605445
3127073142
459525947
1682614110
4261695730
3851935933
4179731163
1088533842
3414777115
4161739601
2601637319
1127996768
15397683
2523320082
647014902
2255697308
1906553780
2850258457
510825476
1010155209
2413151765
2544287476
3957964752
2481434390
1304178874
4124988772
311615078
1664329555
3240827613
2822853728
1514041746
1942853229
3001714301
1418178126
3408498563
1096883563
425212000
3933298916
4064476001
1861113567
540768379
3115249765
923111996
3784728160
558747707
2293961111
2380085804
2487311882
1752810650
3240235402
966516153
2464369304
3995845931
4101622970
1502210021
283142293
2321105481
966914908
2458288180
2299668479
231308142
69866293
2977388099
984279104
2891417677
4113386162
861765955
1038879486
2764628454
384651134
492601365
3406493013
2035791743
2538650427
3824037488
209427972
225636008
1729456149
655999077
4083109689
2475662062
955737925
1462978579
3323722923
3325881637
2044809629
867013532
2096058655
3286410261
1741732881
3937038897
544013912
1409857417
2326285743
4252571888
384503848
304619512
274166135
1278478893
2397969700
3244188685
3090168290
3610517231
3432425159
2618518031
1951581019
3529139323
1609952743
2579905661
1253291351
555869552
2260890074
3611312245
4291457729
4139038411
3908565387
1112405029
1651485573
4085246108
1161895859
2929416351
942843664
4155500195
1790871227
3159261047
1360146795
2818891396
2062422763
859370466
1693515294
133798870
2855961882
3825202375
160498173
839090601
4152781163
2392936578
2817203876
1015899914
1737957490
2946766997
4261305470
1476389600
1074612902
2645933587
1049029452
791879141
4277175721
3581304725
495528041
730293058
3769085002
3827858838
998692574
3340690386
3383288559
3026745593
1918656364
3763159917
827880358
4080755929
3387389225
1960561550
3864783416
1136208080
2054590364
1354655644
2314703083
2990057391
12728178
4115461032
4106246318
1279361531
1164480192
3185585470
3120678385
719752679
3499636705
2384828751
4065787238
2976967540
641063940
2833033059
3521101002
2728892184
1035652115
212494343
3789415614
2875102901
1434250134
4126934450
2074831573
2281596507
811964228
3818500777
3306424647
2441613569
2800526740
2213562168
3294176424
2571314517
2136865852
2074492491
1866086885
435102887
1891140964
3564372021
1506658026
3340624547
155781515
1465174792
1573472581
1082611565
2109685274
1401301799
1736017431
3462989581
3686946376
4204292698
1385020325
380889971
2599010895
405108811
354377509
3245525438
1386408352
3920874669
3013521759
1496225814
144192374
1292670277
3271520191
2873019268
1565814498
3316786894
3663200062
