TotalSize = 87977 , PartitionSize = 21994 , leftOver = 1 
FD = 3, partitionSize = 21994, startPoint = 0 
OffSet = 8192 
1057551458 
3828095261 
809265439 
1611255090 
4128481910 
3097143970 
1084403448 
1456549841 
2529130889 
504766389 
1413737683 
3011917616 
3419354133 
319136174 
2593609172 
2182756303 
1253814501 
2749201920 
3392256032 
1496516726 
1791577437 
960129601 
3760825680 
1072026654 
2205901556 
1374778422 
3743679171 
3652909220 
3756339870 
2286933672 
2604997225 
619138119 
3703485811 
2635673772 
3246540286 
3043133296 
342840590 
2116443934 
670384614 
373186018 
2395947364 
2105910836 
2798614834 
2623650875 
2109815890 
3009438161 
30431943 
3036944585 
1679505237 
4101142392 
1328907128 
947001932 
3239755528 
1780558075 
1906961336 
654167704 
1212301292 
484743999 
3180857779 
3555348391 
3026678599 
2386648303 
1121734237 
3667453248 
3005370533 
510099091 
2403839934 
563436141 
1258001140 
3088966319 
2123259862 
416638649 
2998409370 
169997769 
178545843 
406864030 
3183354660 
3148560410 
1881206344 
2806230500 
2664386362 
166981249 
2419992268 
2063840149 
3857633835 
3392521249 
1948456993 
1480720132 
3651583142 
726511356 
3408549248 
654232201 
1250106939 
1250923836 
763211485 
1190025050 
247944448 
3498890189 
417834004 
3591617504 
541347020 
1420490883 
364872805 
4212250767 
2226159660 
3019737422 
251792281 
2988759584 
65191464 
3644801452 
2828824994 
622050470 
2871192058 
3019993635 
3288104650 
1279932715 
1304588886 
3222454160 
1963107743 
1611072617 
1280073753 
1080191592 
2185166670 
353128058 
606469623 
505724548 
3257283512 
2222173818 
2642406646 
2503040177 
324666912 
214182826 
2416167176 
2785921638 
3221634002 
825621857 
3852317451 
2038927782 
329531769 
765005627 
753881805 
2984327848 
1446957744 
2479893180 
1482687416 
2362218388 
3694978715 
155582342 
3982506114 
822567776 
2669332593 
2982021966 
1641006392 
2298316443 
3654541256 
1903994928 
1288390535 
2512628644 
3685836726 
2218880394 
2473800341 
3703246626 
630402485 
2665374972 
3073101185 
2253961812 
3018202379 
3566322833 
2277429342 
2659392467 
2060410126 
2469408913 
1397606008 
3414623256 
3560634646 
1620765508 
3289486713 
1308312686 
465045769 
1678018914 
1467635155 
1018152395 
2465022714 
1041173356 
3022752497 
1325799343 
198244130 
2680879170 
753665197 
2561902468 
974650261 
3391395369 
3475601415 
2688702383 
2387721695 
3705383199 
2153869034 
3444686609 
749230875 
3061514797 
690709241 
153345826 
3268437254 
2711271216 
1925441585 
3851851109 
650525307 
1182641589 
1914758131 
1386551018 
1602137785 
3866384246 
2613461036 
2877104767 
4192886418 
3933871828 
2100473778 
3519071880 
1148040624 
2144202373 
3885513955 
2368572553 
1363417171 
4252736584 
306595962 
1492717036 
3267615707 
890091575 
4131592882 
4004785839 
2175574756 
1129330848 
445281498 
589909452 
3898954750 
3381937099 
867834492 
2407453565 
3035708100 
989750281 
3514165259 
3769115860 
1722553542 
3438132466 
3281735961 
2312941870 
2062775571 
2157610913 
2650128840 
3261305552 
1991144565 
2892580883 
3501435448 
461629721 
2045941540 
2017442712 
3233127227 
1788423412 
3657648494 
202923129 
3232632313 
1059961891 
1253653338 
4055925935 
3704255356 
317139636 
637095201 
67725977 
2538515767 
2100363397 
3199268216 
1755182081 
2614102031 
572922878 
1886271273 
2646333819 
3643676152 
1683704280 
361362750 
3925834163 
417131641 
1523635583 
3763039192 
1024517981 
863439154 
1038825525 
1791675847 
568001151 
3415750668 
497052458 
3804156018 
359052879 
529069130 
3294808299 
3730936457 
838478591 
3876808939 
651013542 
3492172364 
1110686582 
2983957775 
2905433911 
3207286405 
314274561 
1598999592 
1561114148 
315705421 
3181224732 
205334780 
269962693 
3755610660 
3348425792 
1046881659 
3134479413 
720716052 
20401695 
3414461673 
1581851987 
908598841 
397421365 
3192737748 
2603334478 
2960313458 
1305901262 
2086889779 
1061025842 
3339568770 
1790128852 
3650538537 
3420545586 
754274935 
1619046881 
3326026570 
3435795971 
1454930277 
4214868741 
1022190335 
331876799 
140459420 
3826187413 
4184017903 
2292968022 
1079149507 
4067134539 
2550713163 
2357206311 
1907729635 
2710630976 
1971272424 
895971986 
2626522791 
382045225 
2838869901 
3741688251 
3575709803 
490987035 
2243230822 
1700410799 
3365331986 
2849421433 
2540905448 
3105004510 
2120033242 
2675847013 
1167694606 
3373377517 
1642825073 
1656853041 
547884564 
3221565175 
166073474 
1822339936 
3878747351 
2913946564 
142246594 
4000049057 
3590371895 
1137101973 
1063965972 
3159024478 
1676800501 
1482852651 
3192295193 
2120072110 
3151308136 
967000668 
2064923684 
2248763861 
314576250 
2710027771 
1694700208 
1932671476 
1277858346 
2793829289 
642376839 
1966047218 
1070192386 
3943560617 
2473932014 
618859362 
2436461284 
900716772 
1625847000 
2213614570 
4252748213 
119327387 
2608634681 
493891961 
2159867309 
3333871668 
2252556126 
1583920602 
3102300611 
3575884924 
2562658738 
4104019509 
1736861771 
394676979 
3314555843 
1567196272 
3614053999 
4026247827 
644956425 
1027201780 
1738578761 
2073982719 
2056612339 
1240315927 
1276076975 
3723221141 
1455662540 
4187841690 
341616827 
1256816284 
940257136 
689865679 
982397879 
2365825538 
3244924040 
581794776 
632479655 
1512565915 
2763078993 
1189761709 
472667002 
1187923046 
2652843987 
3977117477 
1030506700 
1064706434 
4149909492 
1783205437 
2373684283 
1506301078 
3491475247 
3993118329 
3894269430 
1102316175 
2972274518 
419143213 
634532860 
145631420 
3182408109 
170786388 
3576760347 
2697396773 
1231131887 
898709060 
1632235967 
235248337 
3068651959 
2584371579 
2967404475 
104441462 
1144489802 
2900417646 
1248290595 
2299612358 
4179023332 
3352496254 
4164073134 
4099501813 
1259084924 
2926284799 
3269877656 
785283190 
3985934592 
3612113865 
3075541339 
538775785 
865560873 
3274606630 
2058799380 
1191427688 
3486872287 
1130040519 
852629029 
2477541712 
1327437973 
2100632437 
3960957966 
2766043184 
94434773 
2325605196 
2869869144 
507334223 
415904916 
2550584279 
2504097592 
2119209566 
230179049 
985455738 
1689768214 
2847725509 
622837995 
4034439918 
1463195620 
1437369032 
2789913824 
1813842268 
402843948 
4053203654 
3566443919 
4042327288 
4102685136 
3443142638 
1664720016 
3889297008 
4016949483 
1171493423 
1637230611 
50382251 
4055405447 
2231276779 
645839882 
3606575381 
1951679797 
1935400991 
1058578601 
415974800 
1411875843 
2741947383 
3194763498 
1127050978 
2626993667 
2566918932 
1217696992 
2845358863 
1385873643 
1209200406 
1688486075 
2669435200 
2862963929 
3397893431 
3288697969 
1830687088 
1613240664 
3467409623 
3070654536 
1249230227 
2063836202 
2831215294 
3945646967 
3652565579 
1379806207 
3087325831 
3253988699 
2740459740 
1115851043 
794703640 
1520095373 
663264738 
468335528 
3752914335 
2466521349 
3331572575 
2369349130 
4208826811 
684731330 
2489702323 
1892697735 
3889321059 
994694395 
1234266330 
2738052244 
1479114261 
2537900088 
2172970399 
164805130 
4178989753 
182119777 
3501647717 
2517617363 
2002283933 
2089621156 
1777609938 
3530827743 
3766246539 
218689859 
2537982182 
466636158 
1141136570 
1991884657 
3280489402 
3451419695 
3587159254 
544018432 
3428364982 
446831599 
3114223689 
2788721307 
1157158581 
2608223056 
100315664 
436082594 
2661358377 
1670066199 
67685432 
3476117992 
839844411 
1237547362 
449753182 
2073852511 
503860682 
2947325895 
3698424817 
2769458470 
1133171719 
4270863094 
931992123 
1713086112 
3089187871 
2542069192 
3675932381 
3975590118 
2477943343 
1721810315 
2192900181 
4265673504 
2655546635 
2555522152 
1729160872 
1966718716 
3473934548 
783231733 
1629914407 
453705014 
990998345 
3163520710 
3754321689 
3641282816 
2642249243 
4053921038 
769530719 
4143558268 
592119614 
1919516443 
1366087573 
2747611175 
2582475981 
3261780858 
375519720 
3625217991 
402666268 
3398651771 
2002024793 
953813970 
812256096 
2687315893 
462806365 
2052836466 
836848836 
2975395516 
3948026651 
2307221478 
3709127694 
3374820024 
1942661938 
3639086864 
458897609 
4169404355 
15778810 
734886546 
4264405455 
709218577 
4076773635 
2374114775 
1466472209 
542561161 
2878680592 
3132565586 
2141974167 
780531153 
3997236062 
2446864719 
2754861608 
1677696455 
2542755299 
1085415136 
2607850069 
2718427542 
3864728821 
4110154258 
3534143702 
3884853992 
73604409 
498210018 
926067573 
3859372237 
1573092032 
1008452584 
3092345745 
3880966122 
3861514200 
1581471850 
2367583156 
828540126 
607894760 
931037161 
2697825447 
3524964402 
2019954356 
4001677460 
1419533969 
3237305142 
4057926935 
2404027892 
286560278 
2351639086 
2980448908 
2791521660 
3365843518 
2650538014 
3505611867 
3476441642 
243299297 
1790568293 
4123655420 
3382540735 
4290620537 
2242204386 
1862182923 
3663389234 
1691727912 
1024663610 
4267073601 
1885960473 
1315554932 
857840615 
907717942 
3514038500 
3019023278 
3491645712 
1582917123 
1405940665 
1641173268 
2485440024 
2215780859 
4234268879 
4185462713 
7756716 
OffSet = 16384 
2203735006 
1494202298 
918452976 
2150450949 
263258131 
3220642689 
1701545487 
740651869 
3682518432 
840322357 
490198516 
3443385502 
3206025549 
2138897268 
2285799765 
2321670365 
3375603019 
944372116 
2151064351 
383057250 
1762390708 
3329679402 
2287388244 
3039369708 
3079747596 
2397707124 
3285357554 
2498114643 
48309134 
2551134069 
1083116287 
4190485691 
1664080214 
2388903985 
3692527939 
3063250574 
2808587117 
3896697913 
336958322 
1833297019 
1422355966 
3624369216 
2063222514 
3243167155 
3510746677 
3405275277 
1188682291 
2156245602 
2241243329 
3214390377 
3200130766 
54859065 
2948542247 
3778102169 
3300381212 
795776145 
623435642 
2667467636 
4156002762 
1375025014 
2872697377 
453824311 
3294551271 
845280963 
80692271 
1527811473 
1650493025 
1220079566 
2359013889 
2154933835 
197262340 
2172857959 
3281784305 
2173874148 
4105287671 
1801040214 
3654261268 
1735859323 
2427726026 
579265519 
3569320040 
941109315 
904596369 
2380980813 
4154551438 
1657037666 
1723210720 
2323357765 
171821185 
2895133851 
2957709852 
3644614866 
3569032191 
2905702125 
2066620811 
2685538159 
2052799651 
3289542304 
3358103836 
885610833 
3828366360 
3539425772 
2674992469 
3681667569 
177996443 
2714781735 
4100490290 
1160690767 
3366886093 
2109586324 
2264470706 
87933389 
1963284496 
33240590 
770227613 
4113736902 
3111403201 
4181120734 
435334140 
3929109701 
3224495884 
2672120811 
3992962982 
1775636227 
485079222 
3369119275 
179985213 
2052245633 
3850711038 
3953207698 
3659408126 
2265512087 
2056448189 
660829268 
3950949921 
837247071 
2166159579 
361243323 
2742563070 
12630156 
504683330 
3411378374 
2685147790 
2718353791 
4267520624 
3600597162 
2244876525 
2229973511 
2944678390 
3216618109 
2554393778 
90382603 
2241816019 
3134262402 
197326676 
3484125796 
3227951863 
1780308733 
115618522 
2183137043 
4153462456 
3652798367 
3515587206 
1492072313 
3294412809 
3995799146 
2085553790 
3526524576 
3947204942 
1239342328 
2958816345 
842308089 
4290970119 
1325635819 
813416980 
2122903055 
3385492285 
275876538 
2016881160 
108003705 
2993976340 
2736600458 
1736716862 
4233062884 
3267829210 
690419397 
1709642733 
653146748 
610468636 
115929706 
3140973796 
955123956 
1482530123 
1078158235 
1474303746 
2398731725 
1804521809 
2452286754 
1122704987 
539438643 
1154726211 
4224838779 
3412696133 
3015062674 
3978226984 
473080128 
2143189900 
1023188186 
2049982978 
2015180015 
166843107 
2254220997 
1108540780 
1336982261 
3449981498 
2918159579 
208775725 
3119227253 
3787414437 
1328706742 
4034692238 
2250119263 
1850907484 
2038608396 
4216321505 
1246117448 
2702640786 
2124955447 
1619921333 
737547570 
3284282783 
816733344 
1667123697 
1870643607 
2371943913 
3604799633 
46882424 
1573726571 
2849573960 
4042160793 
3188551911 
2815616282 
427947256 
3956140423 
2537035606 
3622228838 
3703829228 
138145818 
788575087 
1869841724 
3240188474 
3234212459 
4163789393 
1679454143 
1210027771 
237046606 
3922201355 
2365084001 
1696678665 
2889794481 
4060456993 
3310730317 
2309544205 
549299700 
3282440098 
475059186 
1623687720 
3663377434 
661109631 
4256023803 
2837375350 
1324417674 
590825627 
3696393972 
1777347216 
1604911569 
2798630993 
11873838 
2225420811 
2760869513 
1030891171 
702939945 
2142364625 
1523329368 
3039199899 
2352484524 
772930981 
4018580099 
1345939153 
292487236 
882317078 
699319250 
1973250733 
770914112 
3640579800 
3658396167 
3598913633 
3675724749 
2127938930 
1986141297 
879541008 
1747702911 
1959648573 
1140295492 
4136898753 
190042917 
685983533 
3673953811 
2752956223 
4206760125 
2445736279 
220084647 
2865757951 
1784595413 
1129138741 
2782663900 
2647418474 
3527331876 
1136023509 
827440363 
2101989478 
1054973928 
3718778060 
1319974632 
1589252889 
1340077671 
1661045800 
1077558251 
1431896109 
2437104449 
2825305245 
873825969 
4219146088 
3371504532 
1609314646 
3517183337 
709633367 
4133449646 
1649404896 
3584502008 
2350866310 
312734281 
2928873648 
44379107 
2521162192 
160551145 
92180243 
4015802764 
2323097994 
1670240006 
2814745711 
3270742422 
2213024673 
2120733448 
3061853553 
2628997359 
3763623175 
511341175 
948074235 
3582744522 
4193840369 
2049056210 
1362447462 
3110766812 
713609906 
2835975509 
819718839 
800029860 
2009527041 
2997197253 
1890312067 
3997575904 
1217068915 
832721119 
1063146099 
3915852935 
2041985821 
3529863742 
3067426035 
3085725078 
856410929 
1751332724 
3119629523 
2944579821 
732762513 
1207336887 
2224152830 
1083972005 
3794384224 
2707002450 
4238173337 
846038794 
1720796307 
3969336205 
255170516 
1804257016 
3328562357 
2554107526 
2015736744 
2902799648 
1111817634 
3860740878 
4144077029 
1037952194 
661749688 
1137927635 
2945369600 
457764040 
4225398988 
1853806061 
2711912660 
2920686607 
2231955375 
4250374704 
2139934360 
1917168000 
569670351 
3972976481 
916611743 
3816170266 
1543534808 
359882033 
1115906374 
2344416534 
2914746501 
991020574 
3337168666 
556520894 
1017093821 
1161113506 
2777391384 
1371313130 
1514747301 
289964771 
3812872354 
297564181 
697532416 
2316486481 
1554463835 
708050846 
2733262927 
3868766753 
2577500525 
2979703622 
446875529 
1151205264 
720016502 
1938389276 
3886967927 
3512131514 
1008899103 
3779603879 
687816444 
456487473 
716244872 
2079468081 
2529088520 
83350896 
2162610196 
101602805 
1596178629 
3004215977 
1101091308 
548141741 
4182665379 
2061758407 
2894377083 
268142032 
757289419 
1897807467 
3961275096 
349920920 
179337819 
3628359787 
1516416450 
3548197320 
2846714333 
1364247863 
4024243516 
3804816094 
995155351 
1314478548 
912604167 
1649526360 
3158337648 
1736483805 
1009746750 
2115531233 
3023137074 
3192317529 
1267920206 
4132592325 
3109530025 
3946032081 
3942009459 
1941334720 
178894810 
2933743335 
1948471003 
503588589 
1559754778 
4184547641 
162776846 
1539487231 
3540411820 
591267789 
4066688575 
658167953 
3839845125 
4222202508 
4286433328 
3002888126 
338396470 
803818035 
2060778737 
2670213642 
3170447934 
2292926175 
1439706995 
2815899277 
2141266095 
3934395359 
3037752747 
1516992101 
4286023354 
1278479934 
3003303174 
975181529 
1870818734 
1466014499 
4230031490 
2944225484 
557504162 
2180585390 
1421404815 
3997139322 
2980821515 
3606897186 
1467639844 
3747047970 
1729449365 
3758676554 
215602920 
3233218115 
1280725977 
2692279759 
2000372134 
1893355822 
2445667368 
2451372444 
2789064599 
2276054886 
2542918613 
1215083082 
3430968089 
841669863 
1986961944 
2368708104 
125821917 
82518877 
1900073788 
3823991058 
202783830 
2741617891 
778957779 
1624444711 
1196656817 
1184916475 
1615868067 
1837506837 
2451696169 
2458104255 
3977702909 
3961797249 
819542850 
2950368622 
136118791 
3772034409 
885535121 
271742425 
1649971694 
2969914905 
1790657530 
235965444 
3650713937 
448319850 
1848381332 
73083130 
3622091923 
386661531 
2728028742 
3294993868 
3860449708 
506907076 
3402119915 
3736785661 
311226711 
63092403 
277483894 
2461424112 
934176894 
818430648 
800113937 
234156540 
1494832104 
576269977 
3445329935 
1487889255 
1338691683 
490833402 
3682009477 
397987793 
1793150559 
176417724 
2553253835 
2858629240 
4203656928 
487734557 
2613100952 
2098676218 
36257650 
2763504180 
2101178775 
2626730829 
371652741 
3174130120 
1806062353 
2584335581 
91384996 
338500606 
3359304085 
3258347619 
2452433645 
1230688207 
3659233516 
479582103 
1341907085 
4201144266 
1816849833 
92739201 
3759702393 
3270293090 
3243442276 
1806715959 
183133848 
2720841164 
2099313010 
3048094336 
911631552 
510289595 
1151218108 
3808629232 
1485588121 
4128122478 
289474228 
3945247476 
839434052 
709308243 
1306452804 
3247260791 
3734932136 
3843600299 
2178998985 
3624887439 
252275785 
2233455021 
4020455548 
620165998 
1832357553 
197010256 
577150351 
1448654931 
3055902523 
2818763776 
1232000731 
185365608 
2493751652 
292112859 
3951165456 
2645007508 
2666718846 
1116785774 
206867821 
3187828690 
2820852698 
2576748367 
1039555932 
3168340742 
1281003831 
1673582930 
1591742233 
3969923040 
3029593312 
2908550885 
1383112 
2408274182 
2934280811 
786582817 
2121073199 
2454174202 
2523672310 
2400956301 
3780609568 
2701297838 
3746357581 
2272638820 
1088786378 
1838294979 
1421092266 
2605725177 
4184839022 
4089891899 
2243771552 
4007448542 
3997997145 
336071946 
3413153461 
2869691067 
433322912 
1928374636 
1491304698 
687593268 
267640578 
1054164764 
3085648015 
2124819626 
632400027 
3197737885 
1147454100 
2139207904 
3644338403 
3166415690 
3283428123 
3194667815 
3781765756 
3448414464 
3936973186 
4107660690 
1153142903 
1760384458 
2661992355 
219725949 
2454449781 
1529481124 
3089566957 
2128733498 
2749323027 
3991393579 
856458533 
4202938738 
2296336422 
826622598 
1430534153 
2500556703 
1478208383 
639666386 
1481400762 
2564251679 
2251285813 
1749916850 
3294873131 
1878009181 
2404451144 
OffSet = 21994 
3372492606 
1616700884 
139759583 
1615542707 
3542468996 
2459903408 
1378426435 
644934547 
3136109494 
356339715 
3611002428 
162334958 
843781862 
3697857157 
3446438501 
2754357075 
661838713 
3704887738 
1410692559 
3782806980 
2535402813 
1424660870 
3693598827 
2189113590 
2164426208 
127149319 
2824940218 
3563720828 
1765078533 
471771108 
3712717079 
2318764276 
3251723362 
2463409133 
1121499905 
2141311223 
2421820076 
3399308965 
622208857 
1387038236 
851112 
2101725663 
2711399597 
3744853961 
749159385 
3554693230 
2758315519 
1325984680 
2485943391 
4153246941 
1074642753 
1491104914 
633358121 
3488434528 
3308330354 
989505218 
772139436 
4183506488 
1530141343 
1233498065 
3566536626 
1424085723 
825178873 
1814694199 
259538955 
2565794380 
114629404 
1090645170 
1640545623 
2233010583 
552481889 
2909555785 
1889269240 
2461719233 
520425546 
1193334523 
2781717635 
3854356591 
3777256337 
1856394627 
4089178908 
3069600252 
2606268943 
4195012789 
2052727752 
2312205708 
3062493720 
2458974612 
2556004015 
3455108158 
2359101922 
2831255393 
1772177557 
307964481 
334249284 
3792037181 
488383262 
15178234 
1663403679 
3047445304 
232988513 
3451161744 
317139643 
2585157228 
1805573442 
2611763799 
1236185800 
3362290001 
1168500004 
1779071359 
1203702246 
518214940 
3823129147 
1582313376 
2858522879 
1615305923 
674600154 
2526693212 
229947428 
560331529 
975110549 
839723276 
1880209144 
3408366534 
791323392 
3933302461 
176785956 
2021424412 
1034631072 
4106482782 
1689597899 
1949499463 
1305603746 
2797238297 
3320019603 
3630042245 
1057886811 
1294810378 
1128329999 
976138667 
2236048230 
487642935 
2718377357 
257581769 
622119218 
68998250 
3171984621 
1321407496 
784998629 
3162321381 
4147453964 
2999261056 
62459831 
1778994455 
4092618771 
2203212625 
4005294790 
277311966 
3914023775 
3209281529 
2555773415 
419924064 
234250586 
4057219620 
1632678350 
3737184860 
3567865140 
974305593 
1448445451 
1843926754 
2351953016 
4113706002 
2198606147 
2959370190 
916222648 
1975738295 
3694842459 
3431493271 
2053586480 
4101595793 
1388574423 
1123210102 
856100344 
624547183 
1429279655 
733488236 
916689164 
3603784284 
4013415535 
1854500602 
4156153952 
1499164637 
4240866269 
976751087 
1240718548 
266672815 
2767146228 
3886164142 
247641348 
2998819043 
467533464 
337425923 
476666178 
2851528920 
3089599895 
1364406953 
205788635 
2781456016 
1147932558 
2043266744 
4056725055 
2914574661 
79757491 
2911797535 
4220738928 
1995105707 
3859859298 
341481615 
1017801944 
2729502190 
1826907657 
2525580410 
3741183216 
141493675 
3673027837 
1217050238 
1662880992 
3230439688 
2706670251 
1164100633 
196563983 
1704515995 
1674816347 
4025581625 
883504676 
3366184626 
2542830812 
3543720653 
3673850908 
2046369075 
3810125841 
819456080 
1456394561 
1013932525 
2281877326 
1280244469 
1270424023 
1374590909 
4051716547 
1931836941 
3883331621 
3663151726 
415383851 
1672713278 
1940820268 
2690034139 
4043729256 
1525845388 
2125222752 
2042103935 
978958043 
2499675562 
2170560823 
1205672485 
453893408 
1349244040 
3701702020 
17520561 
2649971564 
1156638238 
714842314 
1960577226 
2172662310 
91318744 
574162184 
4061375518 
1957426439 
753015020 
780841587 
146569763 
3134936085 
3893966887 
1073840506 
630722689 
403254364 
2070313081 
1601195167 
85733640 
437958947 
2651269519 
4056333545 
39445922 
1292088146 
3695449151 
4040210355 
2687234046 
3311724754 
1792813101 
3240264947 
3728396855 
3600403149 
865433584 
2489550334 
713721263 
267495519 
890984690 
901837477 
3439222872 
2113470347 
2631841616 
69270783 
3525803896 
1167563087 
283967934 
2936476132 
2186138325 
1767164598 
4125918468 
3052900985 
60799739 
2431914353 
3543177431 
264287758 
1563176561 
2753847789 
1058773314 
3754194280 
2424235913 
2425830290 
3103532433 
900144942 
3892410824 
2617685217 
850728507 
3152680779 
2523713822 
2886670678 
1937133833 
3143713386 
3387125099 
3148466306 
2273285360 
3064245692 
3128230904 
134367987 
1393910593 
2452885671 
2854480432 
3702114891 
348212234 
2833728191 
1225987773 
2217542376 
64638079 
2096740479 
2927168188 
2384680261 
266310870 
2497499118 
3009380063 
142836380 
1917007864 
3252779508 
1745963003 
2618669061 
840577062 
2951472685 
235131402 
71392264 
683390482 
2171477124 
3376731887 
3577599069 
1505650692 
866397975 
964690947 
1593319367 
1710505336 
1242342775 
2428675839 
581632027 
795783739 
3313832156 
3947935118 
3127708301 
1959343681 
1365582615 
1647955256 
1754985991 
2723367396 
1719780336 
2821973944 
1621699879 
2005575397 
2150428982 
1360465856 
4195157450 
2654887490 
4073150038 
1271815864 
2989066474 
345634284 
1964036295 
922527145 
2722043935 
1876851977 
3679533786 
1108499806 
1265062224 
1542256381 
2675673259 
468369428 
1079275708 
3707416522 
3971265855 
2306833353 
1709464734 
3945322539 
570129679 
2762515010 
2765872376 
827649599 
2342115965 
3703820958 
1566618724 
961582041 
1646600602 
396231990 
923055328 
459176867 
3893718744 
1279608109 
677829832 
500733274 
683246934 
507728275 
2835949949 
2044660187 
2228125870 
2687949057 
2296649574 
1737361552 
1324678220 
1317385012 
813431769 
105200315 
1427387380 
3194360737 
1925647872 
451566515 
3727836324 
1288429973 
3640498051 
2153721418 
3298193553 
3433488328 
88661403 
1041096169 
913085820 
1375492704 
3180449761 
1342852840 
3193346810 
651602525 
179414239 
808517101 
2301918964 
1681408806 
938651837 
4170044041 
1917098079 
3463179120 
1903705656 
1776617713 
3030046840 
2951653566 
4108091397 
859024012 
1703927737 
2155479929 
1611082231 
1558822067 
1302872726 
361853467 
1639495491 
3767913215 
1304841750 
223306199 
3908525600 
2126291887 
3308654019 
3827018493 
4290490445 
1613952807 
2452190775 
80933845 
2387447586 
4271832886 
2805355453 
3199992231 
432149295 
3098786956 
3622721247 
2061327195 
838899471 
438634016 
3326094087 
210645663 
2716182453 
4145290663 
3431807823 
3993017447 
595700429 
2807314825 
3468965186 
4034378105 
527771889 
3901436887 
3200376642 
3598732313 
2594117805 
3798559494 
534148074 
FD = 3, partitionSize = 21994, startPoint = 21994 
OffSet = 30186 
55 
691849463 
403455025 
900138453 
1194729834 
3381768227 
1141970885 
4144084920 
2262275205 
1205716406 
2271262954 
2440503954 
3597957928 
2945748106 
1020220636 
531377025 
2182410518 
2709923685 
1519466656 
1680739031 
3339270810 
3996991593 
3981981358 
430907667 
590600855 
844096122 
3018079775 
3775566454 
4049670135 
1458454952 
3734583152 
2178160945 
2559955022 
2977405100 
1970894902 
548937976 
2917236208 
2839172298 
2141334554 
380756731 
1114182049 
307576092 
2568003441 
512626600 
1845596844 
2116536907 
1203449573 
3132100970 
4121560163 
2910881622 
1950729587 
3882073765 
2401638494 
587389337 
4202802515 
3971681768 
2614854218 
2946617015 
2492014261 
3042967719 
693113329 
2564110910 
2100820782 
660716803 
97069434 
332198551 
2908442371 
1782484939 
1213346547 
3340052402 
2231969521 
689274374 
3443317743 
3518139513 
580344431 
1009979672 
44617980 
4279385515 
2105008605 
3006858702 
1839892572 
2490916779 
1243235570 
1764457928 
1510777927 
4154298230 
3089307818 
3319642954 
3370699501 
1836313146 
787261633 
430180242 
2826534686 
2347011643 
2662619150 
3716569424 
499300704 
1888825545 
2826721073 
472453271 
4294692536 
1271813831 
4282477158 
813173279 
1955319452 
2390469678 
4021801482 
3952993165 
173831510 
287903634 
338043981 
2732772478 
3123154870 
1033901805 
3547236902 
1927361243 
3772574171 
1467354835 
4067559582 
3906554927 
3943059094 
617880672 
3814859572 
2532834667 
610805998 
1619309565 
4133449064 
1428451060 
2541700008 
2388459093 
3971067558 
1975386324 
4017067581 
135298857 
2449659681 
1454540942 
106088170 
1927208663 
2600786372 
2731023172 
1351320898 
2379568835 
2509873533 
3508277335 
2350184814 
1415026424 
2992903866 
2738349829 
1796700259 
1367251860 
3586632677 
1616533756 
948098901 
174222610 
4051374720 
2302162999 
899805974 
4264489457 
3081896232 
2473445051 
1864895371 
1209705616 
2759776828 
2441256911 
94725590 
2543514338 
3812439144 
1627062119 
1131869467 
1480528266 
2086273997 
4116969058 
2333599268 
4203241163 
3312259187 
1024763690 
951297655 
4045468375 
2365154141 
983095131 
2846087628 
532995185 
3394804309 
2259805154 
3435035969 
422097343 
3812733621 
3841883672 
1952360597 
991835545 
3514717919 
2969589048 
780049613 
3468704796 
4185663746 
680202269 
227784679 
2159345236 
4254658679 
3387471548 
1848812286 
1835074533 
1797440649 
3269586735 
3680296745 
3743485619 
4138996683 
1635889373 
235270169 
3283321000 
776630763 
526519410 
1302379136 
2922655739 
76386101 
840202619 
1525429333 
2200553215 
3925022783 
575589084 
177381315 
985695866 
495276523 
4047645272 
2107189170 
3602107072 
2292255466 
3059502792 
1194828211 
3095909862 
1494454265 
2014866351 
651955070 
2627303918 
383403514 
4214795348 
3526431476 
1165401221 
1651170085 
1253639866 
3245136938 
2482169694 
1263305969 
3652664110 
1099170772 
2053520194 
4218930930 
4070966710 
536339645 
2010275553 
3272923991 
81337014 
3816544950 
1611975123 
2733954251 
3582304686 
2242334005 
1626795963 
1343994248 
4132690039 
4058897289 
2452593076 
1964690915 
901358463 
1128475104 
2514634310 
2436705596 
436661276 
3501164371 
3366379411 
2929482762 
655037064 
356861820 
3271247226 
3982710110 
3382244867 
2869292857 
4237085546 
2657725809 
653442295 
365433848 
673011948 
343992803 
3770045362 
2659631760 
3224052842 
1445732490 
2964901011 
3950225877 
4271231762 
410198965 
2320376781 
2255552711 
622786351 
1410510334 
155247357 
2012946868 
2509484276 
2588836141 
1350342785 
462504610 
1630933409 
1770676019 
2512239141 
1495170537 
1073001412 
4179897769 
71558277 
143190315 
1467407772 
742641640 
3634614149 
940574395 
390843939 
2117323943 
1505195261 
1731231843 
1212970009 
2747318977 
1586270808 
1269500789 
1635075289 
1137299953 
3787482617 
4058860861 
1758177399 
978010024 
4079769295 
2969924912 
1719942053 
93446914 
1726351766 
1589868959 
3788191597 
2798933131 
2647345886 
3138550007 
543594910 
770677194 
2858455082 
14138676 
1413923855 
3438044905 
3254485807 
595986299 
371072297 
296928910 
4163843142 
3158571528 
3868677026 
1667125949 
1948334455 
359639029 
1108388678 
2628942970 
903777048 
1213130901 
1534897840 
495052485 
4283354180 
280997835 
2152981814 
213665411 
2272411690 
3702545009 
3329520345 
260797615 
599252660 
980370004 
4268128628 
2457595228 
179689354 
1062971620 
4071142144 
2895728901 
3390463975 
153394781 
2087006487 
3181825878 
2538806031 
2100884185 
652123238 
2250102304 
3209237138 
1124943700 
2508621732 
1566019481 
3981985448 
2483010310 
2877684851 
4006718334 
1922344274 
3927551222 
2901912911 
2561546394 
2470125308 
426638106 
2494257360 
2997425398 
350645225 
3421862084 
2210918157 
2628014024 
2879929630 
2427099304 
340194244 
4198764342 
4183515739 
3805842224 
2026060705 
4244487476 
611817724 
1415102536 
68525646 
1530758622 
3002703482 
100231644 
1560557589 
1684240867 
2788132787 
2333237992 
901736861 
215651459 
2343138385 
3732157412 
2051971454 
1024293954 
3149016270 
359854225 
2348221221 
1746591026 
2904108365 
3773002356 
2026088928 
1160980897 
333898338 
4264851781 
2340101558 
1969482850 
2704146927 
3675195213 
4275270093 
1870774829 
1404328665 
3114987307 
543113065 
498472134 
244816385 
3022160255 
1177191611 
3830468771 
2844038601 
844982471 
538646876 
599912709 
463219787 
4274916816 
1715655213 
3426995911 
3463900035 
421119879 
280187027 
3553946641 
2314406574 
406433281 
2510137828 
2413241941 
417275459 
556562663 
4096264268 
3589192627 
1466030394 
2224440400 
2683115947 
3080728737 
436509433 
3542194473 
3164371177 
4279579058 
4153894860 
1202456327 
421251577 
4177873031 
582058409 
1538809690 
98180851 
497756744 
3797707132 
1864204766 
1188158040 
830995682 
3666703210 
3747979378 
1352478226 
4158846610 
700233905 
1095852637 
2279705646 
918774632 
124278132 
553474571 
1447212307 
2276067909 
394184499 
723323732 
3951637939 
660657726 
1343303904 
10549164 
3290651872 
952037205 
2690398236 
4255959616 
426948492 
2621037766 
1300022254 
2434445789 
3411880107 
3008011275 
4103531391 
1293915417 
713196400 
3926131468 
2426253039 
3870203597 
221795978 
3736336601 
606822480 
3171879112 
326653326 
806486217 
1423989710 
1614776026 
704309046 
183398302 
3398170744 
698000831 
3559521869 
2396580644 
27358222 
1309644461 
2436612758 
2800971116 
3400417290 
2488222616 
505924980 
383039765 
4082798213 
3673694292 
1924338672 
244271039 
1658635542 
2710787726 
2591545568 
2205935619 
150721455 
527393385 
916832924 
1904741127 
292465656 
16316882 
1827002887 
2547909791 
2167487548 
2938357246 
3777632178 
769700268 
2035199049 
3410374456 
3647196685 
3557740185 
1601000344 
4032485430 
1671101538 
2613801952 
4210801133 
1927035170 
4164172433 
3137945042 
2472089423 
447270895 
1521504123 
4286740378 
1520285361 
2543658649 
3775306762 
115469660 
2363740141 
1046947928 
1803943590 
324450710 
2914720858 
3312739396 
4097537322 
1925721889 
1672223853 
3268285318 
2071768069 
832623875 
1430568840 
385867605 
436016701 
1885081247 
979193559 
541713656 
1348334235 
1786705575 
878563140 
3686169348 
1944126704 
2902438450 
3072198865 
1075472800 
3915965001 
2112904924 
1569713031 
3417816910 
2721367691 
2361255958 
1488124037 
529588590 
2767559951 
1554578340 
1640779255 
2163568024 
605721058 
4016281171 
126488936 
1228203753 
2641253461 
2883267582 
3945541978 
3882740480 
667208951 
3016962719 
2530049495 
108852428 
161532572 
128114528 
2852111777 
593921245 
3572071440 
4179707535 
4222444552 
816258540 
1152022932 
3536697022 
731819604 
3229428189 
3977332902 
3991568232 
3206942824 
2572217946 
3795614313 
3568095196 
1131650028 
3594617878 
3883239078 
514262009 
795116330 
2564885389 
2300752009 
665500851 
2184378615 
3927206750 
3493747631 
3239056087 
1166212109 
3100809114 
122351327 
1287043996 
1274896648 
203662434 
1913463950 
2234003845 
2678976274 
2938659061 
869419753 
2356478788 
1468628285 
2676992019 
2666229371 
639123501 
3342444163 
2230680652 
1770397056 
3957617280 
2207409232 
4021156227 
1069697019 
1682970831 
3340800841 
1459719332 
967164764 
4292346357 
1091872869 
3785293403 
1018072920 
1799690148 
1739531259 
3507145518 
3120220382 
1744924270 
4247386522 
3296794049 
1064948109 
1297775853 
297412457 
2023292924 
3033623140 
3430731641 
483404736 
2084622145 
627491058 
2544282218 
2104012441 
1586014606 
3825048537 
1680815072 
37115290 
443446594 
4248997588 
2861232460 
48726154 
3151231512 
2099991211 
287170366 
1415298298 
3091705104 
2696053365 
672220883 
387288482 
2463870804 
3851796327 
3219349414 
1850104470 
663541535 
3985859033 
2153350169 
1759037891 
354198754 
1047230145 
600590490 
2327673230 
829388746 
2112955187 
2076133730 
3283410053 
448135234 
2940315795 
2069379431 
868442358 
894740622 
1350681071 
2330721343 
3307392523 
1375572686 
2367850190 
1805989580 
765247613 
491079755 
2008698855 
3820334657 
3183337840 
OffSet = 38378 
536853784010670 
3256897607 
1125106294 
3995017432 
2093815067 
2159251784 
702532403 
2424144904 
1119743047 
1277084998 
1517024128 
2995245524 
890553805 
3958285217 
1631325406 
2025221992 
2006818965 
1109703682 
3296134701 
644799736 
334852100 
3424936580 
454852581 
1617073692 
138273225 
1952691982 
2979039059 
697921656 
202216190 
3654310106 
1407959255 
1175249622 
1025151117 
3489435803 
2124003632 
2468173201 
2258408755 
2220852288 
3598626846 
4160679758 
2518999246 
3767082338 
1804564196 
3927881400 
3637876121 
3421596283 
2112212222 
1257920131 
838071571 
2653048776 
1619254444 
1954471545 
2620849797 
3404385274 
3186357882 
1679227028 
471777060 
3725559156 
1941154863 
3764516765 
3741512681 
3452720744 
1838228462 
651453521 
2666607242 
3003364577 
320557032 
1444561729 
1753999891 
3415476780 
1368021914 
1620765068 
1643039622 
3093644979 
2160698285 
1119649782 
957072468 
3444775022 
120614402 
860626801 
184983914 
3089773146 
54265980 
1938003066 
1445339498 
1618059628 
137717678 
3010667069 
2642771595 
106363874 
3245255357 
3754359136 
3476657755 
379168471 
165164673 
2201838733 
1148120028 
2236567055 
1116910551 
4114724239 
970158422 
1706326025 
312666713 
298860902 
2194109432 
444905732 
2586839044 
3290797890 
539349177 
676038753 
768673221 
1212569452 
3337199558 
3267218579 
1038419169 
915324284 
680062781 
3910647593 
2809663030 
1985364351 
1784779071 
419933269 
1730574523 
751917266 
328264843 
2196453798 
3040280003 
1240536820 
726190046 
2853570909 
1372212019 
3377712293 
899629811 
2871964958 
718720227 
2769195304 
1578320664 
2580402103 
2465301865 
2461320438 
1079234469 
1120682870 
1455800584 
1071663454 
3619138156 
1298756465 
403732216 
3915927073 
1094421933 
1987745638 
1918784069 
1327053104 
1812373182 
457393993 
2818571633 
3499015170 
2814479496 
2913739570 
2939298067 
558725606 
3237548795 
3888899758 
4130800972 
489412033 
1400419210 
1974282196 
2574963373 
2546384162 
331885965 
518722382 
1607282578 
4239939398 
3699029394 
3071818165 
3451015691 
3791351173 
2541450955 
1478262480 
203306936 
3722667095 
3575843146 
3462916034 
291170273 
33609445 
2086051746 
2407294224 
507309658 
113620995 
4103986712 
3400639438 
3736196073 
2931612673 
2669639145 
3843784648 
1829609122 
876946536 
3465667587 
574906248 
3649017537 
1313352455 
1125034410 
2810012575 
3318488059 
2019210897 
1582332454 
3125720594 
3445785971 
693324707 
3429510412 
1001171096 
1557571881 
1586569541 
2577101980 
3192855692 
538843722 
309588596 
3789424683 
3727961334 
2000891527 
880484651 
2964830323 
2814138836 
3705699538 
1609350866 
1903478325 
1929631673 
835502000 
2135789265 
3345244866 
1121184917 
2224833101 
1472938488 
3982782798 
27427579 
4088260325 
510525884 
2047788875 
3422617819 
827884779 
3478538062 
1601786285 
3172213605 
2110922820 
740237804 
975173750 
2488619323 
3376484355 
1858965086 
1307296438 
4074522687 
645072067 
1736747530 
3376582984 
4224637052 
570873179 
2071222793 
1549684185 
1672737889 
653669955 
3548848433 
4136621348 
2325268480 
1250191412 
2907374222 
2526999470 
1632057429 
3799370358 
3729074819 
1407436959 
1930697942 
1153948508 
3998930022 
541154375 
4274806332 
2188758495 
604290888 
2965367638 
3289917083 
3943831231 
2783606129 
2383677259 
3328315853 
1662439010 
3828787516 
523066113 
4110056948 
3966217675 
4290065290 
235479678 
78821222 
3967081946 
4287862996 
428175392 
3239100914 
981811578 
71562138 
3737470071 
1884499102 
524410075 
3680941794 
2203289625 
659230012 
572666921 
3371132372 
1318670377 
3437041509 
2855276789 
3383467204 
3815004247 
3999319260 
382229322 
556135767 
2860192166 
1769184270 
3530500515 
3766699348 
1337825506 
2418689610 
4232263684 
3195300368 
63383969 
2830192496 
1839569695 
4100069743 
3519563552 
1493344185 
2861736184 
2002951012 
630124587 
735454580 
1018955530 
1903421218 
2112947681 
3766708733 
390183469 
3322165514 
560717384 
96784931 
389173240 
1430463137 
2997723836 
2285703490 
1924500319 
1830568262 
3088957649 
3310534191 
29674722 
2525163530 
4276942751 
84646762 
1545818395 
15512734 
2262935523 
525218486 
2898051418 
2078536848 
1728828361 
58467981 
3684879443 
4252027877 
4094359225 
2899414481 
1502295424 
61534633 
2996938810 
4035148657 
3424214779 
3494357060 
1132429258 
3084192938 
1321049122 
454529051 
3275233937 
1499531101 
2798977147 
3546831568 
2241034467 
1525294629 
412896432 
2395404024 
1808960794 
932179220 
1571439459 
2125130473 
3376345221 
1917507614 
4191713381 
1233060786 
3263626751 
3498108442 
2333610530 
2636933938 
3513497516 
3591739755 
3628703934 
2838635795 
3999811990 
1801661791 
1665372142 
13011370 
3164884137 
111716275 
3833413322 
1874272622 
1063829569 
3161340764 
2287552679 
2357274353 
2391576131 
3260262088 
3415279852 
1982972134 
3239027347 
1984758013 
2738784937 
3468077234 
22560203 
2769636967 
325342004 
4009600321 
3712666952 
644384170 
3995301530 
1413441344 
1381906924 
355036039 
2231253499 
992877152 
2806263293 
2017215607 
3010955147 
3788328753 
2391559485 
1450080062 
301818426 
2956886636 
3129763225 
2774267284 
1237488800 
3405239484 
3067020537 
2738168226 
1727469957 
2345662326 
1318888421 
4190542508 
1514625217 
1307648150 
4150490502 
2282564059 
693142632 
233918812 
1570852299 
847511012 
4024974092 
4177300748 
155503753 
3971161271 
3745664 
2926419026 
2224369036 
4243584989 
140170013 
829573187 
2280802020 
2208829734 
2046495059 
3775820725 
3527027487 
3435476310 
792068082 
2388984415 
1742537586 
131863332 
1863582374 
3741826001 
83192465 
4252947290 
2928059083 
382418602 
2482124997 
432702311 
1125697420 
3929859179 
3407310854 
461560690 
196961087 
2568011384 
939402917 
2656493998 
4134904753 
4088935434 
3859511039 
3470739998 
2863431239 
3807443686 
4067464729 
2602286171 
2760776762 
3460521833 
1121912125 
4076720160 
180887421 
2058973802 
845036100 
3170320372 
3433952737 
3551280777 
1511365659 
2207667053 
4192469280 
2607909961 
1833485937 
1206029182 
621144621 
4129414768 
1066928958 
3281876276 
733115674 
1396125280 
373145632 
3888130376 
3733864362 
1237889009 
262420229 
1897168883 
1896952986 
3035437525 
2594456884 
2534528127 
420770790 
1958825464 
101876657 
2992812936 
1602960877 
2730384178 
2456145376 
4173485201 
785382943 
4025024282 
1777406892 
1653830001 
1690180112 
1507621713 
3264564440 
46284767 
1917748481 
4190302665 
347401802 
3071952404 
433969115 
1940982978 
4130062997 
384249988 
2558284669 
560999941 
563671339 
2476628308 
178707204 
4170049235 
646170561 
2984887637 
2414106972 
2170437054 
990833835 
1420990483 
519620935 
2053050714 
875739791 
3385654574 
3199843271 
90645590 
3369023323 
2845852830 
181164879 
2400687392 
2445650472 
318467917 
4150711848 
3002408611 
1868526354 
891761478 
2103425052 
793901425 
1988372710 
1289858132 
70599177 
2359507985 
3278863648 
1774965379 
466253757 
1902680332 
770760524 
3064537486 
3501902761 
4249737660 
4101612825 
140503528 
250936218 
1280935939 
2235330908 
3979559119 
2421172346 
1322445838 
3236914838 
4201075273 
2934685876 
961372867 
676607227 
1916690603 
2721821366 
2714903277 
3196836135 
3257498320 
699621788 
121351800 
3532463667 
3200850443 
3721970780 
2753789487 
487608759 
43434140 
1847894101 
3111544400 
2034415613 
764164275 
2144011595 
2337856630 
3051503880 
1437050130 
3833686065 
1427710243 
3666878572 
3735348536 
3115496864 
598258595 
3766669010 
2877911234 
1054522863 
910654483 
2819852044 
2209894922 
2240333119 
1428443321 
1455606805 
1766933813 
3718234946 
2770819780 
2816089033 
2817422023 
4151062922 
12547583 
3792769559 
1854103975 
2912979620 
3155325401 
3877316606 
3338945806 
1683766047 
2659327415 
506253108 
778480534 
3287051210 
3885407764 
2146829042 
88573426 
2920695506 
2135334606 
1002435598 
3742363383 
607905823 
1887872289 
2146507832 
565907919 
3803899516 
696363096 
4085447597 
247496734 
1447477993 
2898137640 
863861095 
89938113 
2439171928 
2400491860 
1563798952 
1057441985 
3603313528 
2506593804 
1901282789 
3910692752 
213597871 
2522824530 
3033174801 
435576204 
3586384332 
41994401 
2473307334 
3114441900 
3654776198 
2014795908 
2160339141 
2181348760 
620798951 
776929217 
2818134272 
948516160 
846843129 
3723817094 
1978040336 
329447165 
4239370654 
3674477400 
2873357048 
3223891996 
1010943297 
938630886 
3164594527 
3073436215 
3753875390 
807574839 
1584713759 
3031929717 
355850670 
786924447 
2551915408 
1343878347 
239016311 
3749562641 
501773065 
1480341893 
1577487486 
1130487436 
3936914830 
1893545035 
1451410243 
346508146 
566445598 
3000523222 
3751187905 
1549749658 
658991108 
1036415483 
2657697254 
1701843343 
3165849434 
690049599 
1212195399 
1094426473 
1660832278 
1172018716 
2698209950 
1812222360 
3692135730 
591659473 
3180299141 
2256621574 
2862296856 
1145647817 
2039834369 
2322012355 
4164439397 
1364395174 
2738689879 
2739724576 
OffSet = 43988 
4231505726 
442321843 
1990447693 
1176658847 
1552149918 
2656288450 
280011877 
1572689583 
2521459937 
2852231934 
200072884 
4029280074 
135612278 
2090153263 
4166377631 
1915725944 
4214230551 
4281780915 
4002940704 
3736826009 
884037851 
3865559452 
1074547712 
2057051645 
2883126103 
2833574629 
3552730495 
3362933031 
2701206190 
4090178741 
1294264211 
2133294799 
3537221110 
738415335 
2066640277 
4057096285 
1552782651 
3584033851 
3108420998 
2027280302 
747914352 
3579677380 
694785231 
3756037862 
3041119888 
1604293191 
3265190589 
2450785802 
1180375407 
76320498 
67335131 
3311577259 
2891873125 
161010848 
1369680794 
132000021 
2812349670 
3984092959 
2928842479 
872881565 
1001855513 
1618069611 
3127460121 
243824577 
693074021 
389329410 
4222760109 
1482866285 
200231588 
3049387035 
2631539207 
611085485 
4145710756 
1750704855 
1858923665 
3991120101 
3476233740 
3925173551 
2664822441 
2093326022 
457069988 
2001617715 
2595956856 
4065110431 
1469111824 
478105184 
4262927645 
1363584871 
2769887636 
457595268 
3875193003 
3286432773 
3587868878 
3761932823 
3628595275 
1589607742 
336758448 
4291074177 
3661320854 
3625608913 
3541489355 
2726258094 
3156165218 
3181409221 
759533105 
1156358692 
3054972267 
2635941317 
3071738195 
2493312625 
3560686982 
2780219077 
2883185584 
3012917617 
1083452663 
334955821 
2106187088 
3310448769 
1940942960 
3502173810 
1587960765 
1514615630 
3884467340 
2075637871 
2479255405 
867297547 
2015666763 
2701546986 
4059783964 
2057690661 
860900845 
964786626 
514355114 
1148886216 
2430194339 
1032151066 
808632186 
3287112646 
4006033362 
728197220 
2231851317 
2538270621 
834251520 
65072365 
1976672428 
1875567161 
2023614766 
1537233846 
214527663 
2510914062 
1026806747 
1021907775 
2787240647 
1988870262 
2714395346 
2877169301 
2100282996 
2831855988 
3134784119 
209757782 
1803526566 
3386054060 
3346191117 
1456195218 
3416534867 
3806068216 
2828563051 
4077532632 
658514868 
1354090665 
2196813097 
4022990437 
1608871112 
1023091642 
910386878 
2835964246 
4195209999 
3574157 
3365809173 
1153334834 
1959048341 
2917468819 
1836631561 
3024815718 
3143951281 
3506493881 
3075188851 
2157094409 
2910249270 
261137421 
4103673890 
1073481778 
1345843426 
1492485860 
2278380477 
15507958 
252846281 
3263867925 
2175807826 
1180464918 
2069534480 
2323469390 
3774183813 
1601130879 
1427854601 
1389161677 
1075058537 
3869474689 
2757275148 
457699178 
1292332480 
2731826583 
841031113 
1272711142 
2925278027 
3629725636 
2191165950 
1079074439 
540700206 
2768443116 
2680946025 
409917101 
2159028622 
23888178 
4239563768 
2499076620 
714132694 
2424877576 
3034933416 
4255843728 
3380899780 
491521005 
4125115827 
3631897718 
3653853093 
1742697290 
2925294135 
3571760873 
209616555 
853480354 
2743852251 
1689398654 
3005074470 
394345836 
3907527156 
3974629818 
3420569185 
2015913407 
3308163372 
3138660521 
2848571883 
3156133317 
4213356807 
481851735 
1475445997 
3298858645 
644146026 
2208531320 
1268436432 
92213794 
3142330288 
651768652 
3997343764 
264232222 
2145655092 
2328874747 
2173940828 
2794971211 
3204535264 
3641521025 
159967419 
1609818432 
1287924798 
1377934111 
2489523800 
4504662 
362875397 
498495333 
2885256368 
3109028060 
1367950932 
3543555626 
3202122057 
2936753325 
3969800473 
1860362533 
4044997723 
2886720719 
1738656204 
650061546 
3407427846 
3223940895 
2617744846 
572917113 
3695345798 
1923029148 
2278241760 
2590481730 
1131490641 
1273681919 
789053576 
2647341509 
4254519497 
2968218206 
457861882 
4145989909 
2493504270 
2929221517 
575294804 
3792734154 
1164200012 
3442892136 
3652391792 
2881800699 
311717602 
4140520133 
958992736 
2392309202 
1421939422 
1320800532 
1424130924 
1571090636 
1190950077 
2602156912 
770906717 
1998057240 
1470891046 
789597332 
2644919279 
222843295 
3224762646 
3953716472 
3913622262 
530387733 
3492213995 
92697962 
1299444213 
2838889006 
2660678189 
837417550 
691967227 
1255021145 
1071266817 
989189863 
3785486415 
2221404650 
3979740605 
1442498916 
2136905149 
4154147019 
3793217057 
3091810510 
3463348477 
4012910328 
3879898682 
3021395344 
4256253080 
647372148 
14730429 
367900857 
3611138562 
496736735 
325630769 
223752908 
3787954839 
736409670 
2630787210 
3247332957 
318799981 
2615623526 
1148946275 
2581537777 
4075450393 
512342887 
3437922891 
915430231 
2099433818 
821975504 
1068699400 
1803060084 
1138553209 
2451194550 
496111982 
1617314319 
2237190169 
689951820 
4025527424 
3816573628 
619671827 
1068532425 
4285078593 
1900005922 
52091070 
680258086 
1450963809 
40831 
1487504680 
2644391425 
3595506012 
791854537 
1274724445 
390761193 
3406928504 
645628144 
2077199050 
161227781 
2812227955 
323001857 
1146833635 
1988724767 
2421491894 
2646235019 
3807081247 
2918270787 
1361308080 
1312639079 
2486009667 
700045320 
2981411123 
2392606290 
2536465639 
2906244043 
26515209 
2569506780 
70662661 
1105192532 
2941875402 
1105829228 
93781783 
3635342776 
2258961310 
3858617421 
3300667462 
4146208209 
1243476000 
1254987177 
3003993353 
2320213023 
2128307664 
278103897 
3368127121 
32418120 
4086127377 
1881879199 
313204388 
1622458561 
3761859311 
1043705600 
2696352254 
2218810494 
1916303058 
2595126814 
4108855539 
3549866056 
1510574804 
172938279 
600654324 
3439037293 
3094284025 
2723329230 
3797891027 
2963515448 
874570610 
2590794170 
710586828 
3593606868 
3670435140 
1105520906 
3795391672 
1842457644 
3290301166 
1067629574 
624032893 
2923173034 
1318513619 
1862474427 
1112710751 
1821122499 
185287341 
3439598009 
1290490373 
3792474860 
2546189387 
1972657925 
3354209418 
500180660 
762767710 
667164831 
48984964 
1971032247 
292174922 
1286830698 
182256123 
1743659899 
2107725736 
3848248733 
804019469 
1875034897 
663072558 
678354927 
3377165250 
3971658493 
836543019 
4089005623 
3008608063 
2081675350 
3277940885 
2008687955 
3571488801 
1809680059 
645442588 
1279457083 
3817513893 
1721708409 
2965939593 
1839947718 
2807950897 
3444060728 
16776866 
114649011 
3681336924 
3125565697 
1739658791 
FD = 3, partitionSize = 21994, startPoint = 43988 
OffSet = 52180 
9627343 
4047679914 
3871969783 
461275456 
1534768450 
3738394019 
2806610050 
3813470785 
3385519133 
3172210553 
2457020086 
3711923758 
196730012 
231991876 
3692566708 
71896629 
937390083 
3313396141 
149234853 
3250054999 
2648119154 
947367692 
233541323 
1598811332 
1758048673 
1671797900 
740057847 
4154364670 
2288483719 
3900759474 
2276001664 
1201548702 
1320837839 
3509122297 
3825823037 
1451878800 
2721122055 
2756508772 
2677441453 
2693143030 
2230619284 
522014933 
1517994099 
2890694131 
2947328410 
133671976 
681529816 
4286969844 
1518654565 
1946171297 
1462769243 
3620985100 
2207892904 
774918716 
531047078 
2605046997 
4010952322 
300941881 
342373471 
941205303 
2355406250 
1759290762 
627094866 
2332020250 
913246370 
3308096143 
1416100572 
2628009215 
2426483021 
1824826349 
1327336543 
1764521094 
2506516532 
2515930870 
4114710782 
3732798286 
122568087 
676296192 
1676155429 
215220924 
3936266567 
1783773151 
895324838 
1783518312 
1023226339 
573426012 
3268393045 
2365005321 
254764092 
56439232 
4138125244 
70691463 
150156682 
1179861103 
1422416645 
3797583460 
2477863361 
1182716468 
3634119795 
3924515952 
2652643882 
3815587181 
877371303 
2292111787 
4270912839 
2489965998 
3013293845 
2891498306 
780641289 
740563014 
3143615346 
61216674 
3896889874 
563155846 
2902472628 
2964691425 
2606826920 
2811646456 
1386906881 
2126281847 
2486127121 
697486577 
2053512327 
3501132483 
2626672241 
4150151547 
240974525 
443950680 
1638428662 
755153720 
2037405546 
1415379632 
210275210 
2308220468 
237001303 
3440616038 
2026433635 
3930242992 
200468708 
3249497842 
562315461 
121787773 
4090671235 
3295536317 
1262519913 
1851429917 
3795854828 
4217317826 
3808754361 
3240144771 
2862762564 
1172349505 
1809210111 
1529011668 
1496237482 
1419224887 
250127044 
503205902 
640987749 
3702196602 
697121391 
164091730 
1961980660 
1244396318 
191678981 
2863691674 
2533020609 
1055302567 
2647666253 
3943913396 
2086845637 
1103621554 
2788844519 
2760709676 
3682014809 
1294165 
4115723955 
998528196 
3842315867 
1758345603 
40077779 
2925753298 
3476003012 
1413180620 
1680502229 
2622862907 
2340474211 
2204190795 
550463443 
1560607881 
2934442531 
1258826847 
4110225064 
3870073104 
3351416098 
682931391 
2384558257 
2119376515 
4175784212 
969343906 
2723172108 
3248861390 
1796910754 
979828304 
2809730811 
1696997871 
3946264818 
1032069049 
3393299889 
2705644556 
2034277230 
2730236351 
2819711322 
763460853 
1626086302 
1776154285 
2674944397 
3066760013 
2121960315 
170890051 
2341922465 
2816416327 
134896036 
201008940 
2738301228 
4290500382 
1190378193 
3591462695 
2328175305 
1868438301 
3738021251 
1655562763 
4251155475 
2298394876 
3436103301 
1103620325 
4035529680 
3349845787 
1529888786 
994217571 
638891753 
433684767 
596571773 
3680180472 
2526413918 
4117759891 
1089962205 
1535197525 
4099943407 
4247815021 
1056835604 
3793446062 
2561960859 
227821439 
4191264002 
2006131529 
299622090 
186291925 
4099431288 
312234975 
1944754012 
340055556 
1179304622 
2786373007 
623986045 
2449669863 
258485666 
2681533819 
899119132 
336359857 
817470672 
828321588 
3461174511 
1277018302 
3284879745 
1521714785 
907283677 
2714708647 
2325085025 
1821220220 
3393794549 
4250708283 
1490640217 
1408602958 
4063695843 
2962179156 
4288847181 
615515226 
1027642366 
1990792276 
4286983643 
1139724284 
3614175188 
3141699261 
474910605 
2383539162 
2128110321 
542189432 
46605254 
228883846 
1984020720 
224244452 
1024827371 
1987022916 
2567684302 
2414256786 
2604366497 
1290119411 
1569658333 
3470456382 
1771232047 
883865612 
3426658272 
1772425266 
2585731813 
2691929437 
3877181828 
295547925 
2070639703 
2979275266 
1025386773 
317747446 
4263826507 
389689789 
1542822033 
3305447861 
1973266 
1949594603 
895727759 
1090910551 
981003284 
46178857 
779236970 
3427937848 
2780556337 
2974474171 
569351715 
1840928243 
30072979 
1686455947 
342175802 
3780288386 
3579504714 
2118933361 
3165623901 
613345016 
4114968297 
4157288769 
2558163647 
580139476 
1410011942 
1420085336 
796824849 
1818660542 
234514178 
3504950687 
2463823463 
2328633740 
2144358627 
3133005153 
2367894306 
1639812997 
3395691011 
4137785899 
235990438 
513293372 
3527564833 
3996449576 
2925260860 
1010093123 
3191337132 
370708776 
3551666569 
1987085948 
2469886524 
2689219226 
4226368931 
4196866528 
4193537989 
1500308917 
38803613 
2260737487 
2822562958 
1225613648 
3931166225 
1292065038 
139071687 
1311293383 
3532173639 
2872167580 
1025336875 
2624202699 
2550147035 
1015281636 
3615330526 
3247978273 
1591500242 
1613140323 
2868851275 
1475524077 
2787078005 
3915628848 
2315350713 
2180572311 
1480535626 
2414237284 
1527177896 
115508627 
1664171148 
3898862652 
2214539973 
1934387933 
159590837 
2022754395 
1059412959 
1948414682 
3070770824 
2229801113 
776040299 
1964441024 
2084889596 
1088910725 
2228703904 
3860838783 
180538761 
739961984 
987530443 
30599992 
1783216894 
1679426163 
278676171 
29302590 
1369330491 
2105733370 
3844113810 
1974510504 
71221297 
1273882138 
3305413891 
2300424385 
2129821352 
3503615770 
1226912023 
2492796151 
2355825856 
2232002051 
3079643625 
158630894 
904494911 
2036000562 
2238634701 
1211709876 
1261642294 
534678025 
1081476386 
2648939024 
622199520 
1567003788 
841293826 
2652801529 
2613700050 
230816317 
3856429250 
1514511050 
2201395907 
2082182601 
3568878964 
3551445075 
3477553096 
3524249082 
3736552276 
274520792 
737705569 
2234933900 
3653970700 
2555656935 
3013296080 
3955414243 
3777419330 
2944959159 
206928776 
3893693708 
821899511 
3188431047 
1940897019 
7066491 
1907844514 
3520149977 
4199328569 
2851750639 
3722915689 
3607898322 
4291748392 
1213869604 
2181062520 
220929919 
3853006056 
352330037 
1312900557 
1935883493 
904520774 
1370188105 
4111626285 
2710969852 
2892236446 
2370566749 
3648370660 
1198374484 
739566524 
3299916323 
2466419106 
3088048668 
3410527497 
4280102340 
1035334020 
3149163209 
706291745 
2559914688 
3491904412 
3754666157 
1404407466 
2425638171 
3693121948 
3545109911 
2249453473 
1738280943 
2307455254 
437953652 
2328792167 
3650354184 
33222598 
904024362 
154770477 
2905597776 
614973397 
390539883 
382597079 
470412630 
1723561832 
495655370 
2050605374 
977658894 
587200182 
461608982 
1250014450 
1322252761 
1954859969 
3921203306 
538502465 
832158463 
2655900536 
1445018302 
2529769561 
2643861763 
3314791556 
997685220 
2544811013 
2059276953 
2217472578 
1343451477 
4015601609 
2827598953 
3008595611 
10362852 
2894295301 
1035613445 
1234052758 
2308283138 
3641760976 
3029871135 
1480532982 
311885677 
2420210265 
3754460942 
2122638364 
421461735 
1471701035 
1053109725 
4203718837 
868485786 
1645279787 
1618572691 
4269172855 
2716963230 
567960901 
4147363994 
2360922292 
892133901 
2011785168 
3601821875 
3955584863 
3618176276 
2022868959 
1890749001 
1243949326 
1172008717 
3857995010 
773000145 
2940450461 
585030443 
432541582 
147045917 
610042775 
558501257 
3052734315 
3831099108 
1997994825 
21324342 
3552336712 
1945816535 
2691636684 
2614138172 
2282675049 
1848492297 
630956888 
2670056431 
2127983989 
4176710257 
2530225011 
3562605222 
1041811032 
3344972084 
270552613 
2828128885 
2234510613 
1263734301 
4132783584 
2390540044 
2434585936 
3457077939 
193975452 
1380258193 
1569715983 
1694935192 
4155014588 
233600241 
914027201 
4009285633 
2414726210 
1291959305 
166294922 
1109767890 
944232216 
2328122982 
947307284 
567752950 
660203365 
860162677 
4228853398 
2473335413 
1676614399 
2579695137 
3858856425 
2306950436 
2889374122 
2822336725 
1149528203 
2416054257 
767289027 
2555113933 
2379630001 
909779181 
1339527918 
401970473 
4286875593 
455234331 
1625926969 
813686282 
436501478 
3587577060 
662457461 
4182688103 
2040440209 
91679701 
4133016992 
483702676 
2421453469 
3722525386 
3492395094 
2925612736 
1140801682 
2416195856 
2659681131 
1996041984 
1908120182 
1170118761 
2605428809 
1396775582 
1536272245 
3371621923 
1894795131 
2553638127 
42421143 
2729335890 
577564787 
2323699898 
2380061473 
1221785954 
961812603 
437288255 
1207182128 
3491935489 
3781854154 
2647988538 
2113465223 
4185451046 
3793293432 
1422091462 
1335338315 
2834416223 
1813608777 
2821918956 
877581434 
3799372795 
3380346733 
1247549671 
1909751630 
1916676048 
3016778947 
795446388 
2816981282 
924529709 
333928682 
116632909 
1355476035 
1322722847 
4178649884 
3612312693 
1335534718 
3123586454 
4083871208 
4213832358 
642581738 
1547011837 
3915852611 
2419052672 
1201719922 
2488074779 
1918255069 
3769811467 
165995341 
7021407 
2428893360 
2069280711 
2919595640 
3826882288 
1170043879 
2653624763 
3988790881 
524344112 
3122618454 
1430138113 
657225323 
63018704 
2169621015 
3006816407 
3676558157 
2523961271 
1581393307 
2858490423 
4006440665 
2693838989 
462483458 
254814662 
OffSet = 60372 
3359170475 
1493725250 
1328539042 
2010092201 
4214306309 
2282567151 
1926435529 
1932645801 
1773362965 
2983342654 
3904977063 
3295394081 
2010636148 
1690617440 
4060608428 
2505283662 
1103428573 
2926009869 
1750850259 
1698162825 
2065754339 
814831925 
1393278979 
1791396571 
3326568821 
776619766 
375510632 
1606509051 
661702542 
2155512052 
2767758481 
3025926592 
1658565911 
217533038 
3514556892 
1560658458 
1367212340 
1162788225 
3143956182 
3470402585 
2220566157 
4014474240 
4238464723 
3408671790 
3806331511 
2898345427 
2846570644 
932076884 
773260092 
3214556830 
2613372857 
386706701 
259332420 
2927632574 
1640857321 
1773248913 
2062309585 
3140526514 
206120165 
1505092705 
3543622738 
643387639 
972196860 
934936233 
1462226444 
1377696993 
2246619951 
2711897474 
2770535466 
2664405783 
3795072708 
4165505914 
1111064296 
2926184173 
355779708 
1273253105 
3336540995 
4196342467 
3412916575 
4080088563 
2319740368 
127829354 
122832187 
105778640 
2333394275 
1256555373 
2780489023 
2478529985 
1281164776 
2123618162 
742057605 
3210825558 
3683957426 
2324717534 
2163032245 
1419657651 
502011909 
3167656994 
919222600 
19386050 
4078684262 
1639153580 
1558022418 
1023424887 
3747657998 
1379243287 
3647587116 
3927279571 
3305708591 
1024534411 
3493257133 
3321800896 
2125971550 
2166539607 
685533358 
2468432645 
2664918835 
2436904571 
1204159079 
1352036703 
177727216 
3155057378 
1672791153 
3400113808 
1390896943 
3512151872 
3378368783 
3739738336 
1098160763 
1064043176 
3551152760 
2448501507 
1304783043 
2594087175 
3990375043 
3104694914 
1854307454 
2962533245 
2151321564 
790614159 
4276464530 
2623814107 
1822422207 
2438002842 
1257584938 
955029147 
1944607826 
1574245135 
2284214817 
4208752371 
1661397237 
879138170 
816422564 
3301153758 
2986872086 
3178970370 
4154090166 
3372007593 
3117149898 
2502381960 
2518352305 
13036736 
2456208368 
4096524274 
2958476800 
1585629528 
4150218384 
156632306 
2780464423 
544357647 
1265394909 
446170386 
1831863535 
3720750946 
4173426413 
92820661 
306474942 
2301370668 
3839763677 
4054859069 
1227763070 
556771633 
3835931778 
996968799 
789714318 
3371215924 
3353631576 
2630860003 
249846928 
2769922336 
1944254273 
286825381 
758251896 
3766793580 
1432455639 
2788370300 
3904188984 
2106804787 
4157769371 
4070273412 
3441673756 
863772554 
3666166368 
90150661 
447500441 
1068277940 
633240394 
3000636748 
2870412636 
570745259 
3344432604 
2737463600 
2171639696 
3611562227 
1578702210 
4147334548 
2040782460 
3529053435 
3270332952 
2937419882 
306101405 
3719512145 
3124381763 
45605343 
3485976601 
3918578198 
422134757 
3361605700 
201815264 
226541039 
3128134239 
3735200390 
4087656838 
599019880 
1835951620 
3871773820 
1317533758 
3946028373 
1577175459 
2841539703 
4292096241 
4041680072 
747327975 
291345714 
621019333 
2241788416 
1247439656 
3476125253 
3195163936 
2969807479 
2172336247 
3613273458 
4271392850 
2310914855 
3306609517 
3362892653 
3770584297 
2061322617 
560276689 
1464879776 
1812399188 
3923510877 
2062736208 
1843383003 
1027627319 
923976553 
1990718464 
965734057 
833875853 
3671862439 
2995465529 
989599894 
700265178 
1237264751 
262445332 
640551099 
3916123826 
1030378507 
3476258209 
238699468 
2437651193 
1658698424 
2568645587 
3094464647 
3086571327 
1439184141 
4265736813 
3816094398 
228556561 
3513814523 
2302827367 
3824213694 
2350523624 
3900632114 
3753474655 
342460563 
2582153054 
3302195753 
909074412 
2613071163 
3144435888 
1185878618 
2677988976 
4275983163 
2254177281 
4082402944 
3518625516 
933480257 
1166656746 
1814701056 
2356439280 
1526693398 
2438682557 
2360644090 
3283641055 
4292371844 
2607549780 
287222856 
1056923178 
3717768617 
2648766980 
1260581514 
1076302167 
2918961028 
2771072108 
4230686112 
326789263 
3191264930 
306077837 
1628083797 
3445687796 
3925957573 
2519212455 
2761438279 
1405149279 
3478434327 
3357711659 
2034134457 
2990203264 
4159781598 
23285253 
1337399336 
2770307899 
274987288 
4070154496 
3159367309 
3052725489 
507778388 
2663577963 
306468949 
1616743393 
3169074514 
3466881811 
2589498850 
4172576129 
4126985775 
3619432103 
179012647 
37776138 
3377325539 
560722251 
699206653 
437483888 
2594638106 
54642059 
106857424 
824290083 
2781691056 
3471060405 
1031976058 
420465982 
4174907800 
3707506249 
638603185 
3854362964 
3381841762 
4023447263 
3189596177 
1533398757 
3348628168 
3422232232 
2898022619 
4145145689 
1995088159 
1050648669 
2471030675 
638330525 
4052968145 
3552951365 
3037235501 
1021721884 
37575293 
3068398124 
2176410858 
1397927278 
188533841 
1576873684 
2921348382 
1577756381 
128622504 
3928338920 
4182902578 
1453920664 
3596428682 
3685426955 
1558696316 
309915391 
2924273125 
2442250046 
3612841337 
3521909694 
3173402300 
2773034280 
2732006470 
2442694643 
2787453560 
3245836346 
3455691855 
2604261052 
4067102348 
551268981 
1976762464 
1430492533 
3247570405 
1320944721 
4222286091 
2309001827 
2752512262 
1131094572 
350357481 
1370374322 
2846451757 
1495495091 
3411282679 
1234940856 
149023232 
122321779 
712913350 
1764606418 
3102102565 
2149551340 
2344093722 
2759259347 
4212802159 
2340673052 
576425656 
1173055842 
2298569110 
712919732 
3065762831 
3757278059 
1022246309 
1478292458 
1454502286 
1839411456 
1780720023 
1452835142 
1047749337 
1973422844 
2376390106 
369170218 
552428364 
3324691250 
3842201057 
1716806238 
3304767274 
4075476831 
550581421 
948161537 
1019818522 
3013334303 
2723905708 
1286702842 
1993067067 
2790271403 
1597762497 
446948417 
1732814783 
2224117034 
3625328284 
1353678391 
2026558318 
1958234189 
2075232639 
4294428743 
251146247 
2820125310 
529751213 
2289622656 
3234325093 
1755726494 
1226147153 
3033465201 
163053547 
2938849266 
2748604003 
3930582201 
702380175 
282320195 
1238043253 
1086362585 
701419402 
1659490747 
3649614768 
3452330180 
3938937462 
3783294225 
3165873685 
2743608739 
2550198051 
1458374920 
3591929107 
3434812090 
3099748166 
2778509802 
3037579165 
2680794565 
1283207286 
3689659660 
1074642546 
3037025152 
3878287264 
1953729934 
845054572 
2555778965 
4218945510 
684373213 
3252763877 
2329352774 
3251127046 
1745051590 
1169238339 
3859729876 
2956589741 
1443239582 
1503192009 
1472978109 
4095767446 
3603742610 
3759297796 
1080894921 
2462623098 
1698292277 
1818694095 
911427138 
3892903078 
344505955 
2617821536 
3279380951 
2370589315 
3198213751 
2586087356 
3905378253 
384619592 
1952420205 
4062506679 
3674502512 
775955510 
4287933298 
218561655 
3293027135 
1645835001 
1106951427 
2838095360 
2748639903 
2703010689 
1283651204 
1803496910 
731444028 
2205818663 
2246058507 
2236719567 
3226152276 
2601077379 
3261313681 
196901774 
2507523407 
1525479080 
3273656054 
1834273856 
4126203380 
3922062569 
1255633083 
4182848063 
3615014552 
2628364739 
812913236 
2093660705 
217182281 
1753880194 
3400831955 
3134119225 
2789040332 
1073959077 
2652662183 
2768947827 
342251550 
3316758442 
1586342278 
1086157023 
3533922841 
2677694281 
1335836378 
1433083484 
3423185379 
1536328516 
134680722 
2854571121 
1387269823 
3832800031 
1795513500 
344427505 
1825634377 
758230325 
1889410650 
1378806974 
1662279737 
3111517971 
751354594 
1670871265 
4135551520 
3032689518 
2868796245 
3733228220 
3879474881 
3607648245 
2559955925 
2217669163 
1014720681 
121787492 
749185784 
4026255061 
2177900543 
1787943542 
2776248823 
155256030 
1888358976 
434720003 
3214154218 
1323540880 
1897780877 
1692911863 
1103031880 
4246064678 
1955870252 
3528665821 
689612653 
1016871484 
1327971868 
170337021 
2471586628 
1032143727 
492920521 
1491812356 
1595787775 
2013311706 
2286204466 
2026425900 
4172741013 
2186912800 
824206502 
1477238022 
2947992586 
1244304095 
3013479621 
1239911845 
657049552 
3874010288 
1603635247 
3257010853 
1802604340 
3638909957 
2207201933 
3985610188 
2937334269 
3769169455 
1912808383 
2779805219 
3168397158 
642163950 
3210951388 
3943118784 
981649939 
1757050722 
3621103069 
2294923092 
356749328 
518049038 
823875724 
610993762 
2684126212 
573613707 
3965519714 
2234429931 
3939543248 
4279024521 
3928769455 
1353592467 
3515601327 
2340808911 
619584496 
2140599613 
2358747822 
1160895036 
2085381559 
2635305646 
801549693 
3596632737 
722730194 
820968503 
671559747 
2885345451 
729272034 
761639071 
2103689906 
3521567240 
1136961101 
2037729442 
775780589 
1270659233 
1059133862 
2409132358 
4086991197 
2299224256 
1452297332 
817841633 
1589462834 
1199061884 
1646044683 
3632008187 
3929374106 
2321171195 
4195679217 
141923129 
257146978 
2585034321 
4234579081 
391653656 
2532346390 
2398622132 
3685659163 
772087783 
1241058061 
1027008605 
2236055291 
1332024418 
2991129848 
1006021275 
1739517470 
721710116 
1413330452 
727847711 
4222472714 
1194626445 
1027044028 
2938439185 
727411337 
1531356377 
4192229220 
2663792196 
OffSet = 65982 
357213219658911 
2421413493 
1754391085 
756440643 
3345310407 
305793435 
3258440482 
3374341885 
1068290653 
1481836018 
1690297078 
3090153205 
3040576441 
124841968 
3518039970 
3934801467 
421736889 
3645543067 
4128967833 
1180040667 
4003464273 
2171936335 
1849897045 
2214304560 
371353635 
736599116 
938033731 
620578953 
3151416811 
1215733448 
3061459671 
1003658555 
1088519148 
3270008927 
2479458916 
3816763670 
1170380382 
160681902 
1047123456 
1205067976 
721701082 
1481903940 
3748773945 
1889647735 
3614763520 
1506722081 
2192241084 
1098105961 
3876248873 
3951315563 
323121940 
554287623 
567812773 
3366102917 
80657378 
1054303376 
157343524 
126968094 
2243276561 
501867126 
3662923446 
3165940876 
2073203873 
302932383 
1888093380 
3151667872 
510475572 
2036574032 
654660643 
2064649156 
1453487464 
3431105421 
1532371085 
2798426967 
1612653343 
2398963856 
1740658518 
1729975112 
1619008857 
1355156187 
4165639195 
1403929500 
1403295198 
3934211759 
3722067435 
91180494 
2866962062 
1051222024 
1542912751 
2621266198 
3183029681 
592565658 
30993854 
3861645440 
1392982392 
2877394555 
1095879196 
2503233024 
1425028667 
131646165 
3061757714 
2921398130 
924281795 
1191879293 
506036639 
1027116839 
2521581006 
4087222874 
1007785438 
1709004362 
2627942443 
159010329 
506619017 
2523563180 
3357102963 
1480782285 
3855235481 
587672162 
2286053882 
1909313322 
2579479992 
3147725700 
3692671181 
2827199067 
3057913754 
1858556913 
3064785552 
912743586 
1484132377 
3670346366 
1298425065 
3041325995 
3948019407 
2130729737 
390574769 
69165168 
660309756 
2676280670 
1186385238 
3935652481 
4146064190 
832756537 
1337656494 
4008519741 
3617414575 
367611983 
1412487485 
956651706 
4132672355 
3828554555 
597865455 
3821318009 
338100130 
567189131 
4177116072 
3275195941 
2963110132 
1482112233 
2155704659 
2084657864 
4208803712 
574499278 
325671972 
715289824 
1426224001 
4101999967 
345957266 
2036695292 
2033777348 
2052452513 
2218608968 
2540233621 
2068636704 
1840659215 
2640985335 
716697749 
3247044623 
3546434216 
268086972 
1626944594 
596177764 
1394225130 
211685779 
269924424 
2475801483 
538979589 
3919937838 
3340332445 
4179050006 
2484684253 
104663444 
1619766380 
734706558 
566671087 
188370777 
4137680481 
1870754674 
3313802277 
2516834737 
1167069587 
3369882892 
1942265050 
3630379438 
232905718 
566954241 
267368560 
2043220631 
4128229241 
1596960580 
1653983418 
770356883 
2546193885 
1560726121 
2049884755 
538305560 
1703223328 
2658503085 
2988449204 
2796272738 
3421519104 
473722634 
4164542680 
4222162752 
2365620323 
857316074 
4008963428 
1905749122 
1057072565 
3060592220 
70005211 
1535130425 
4079720083 
2225422063 
1710064129 
1133394043 
896906527 
2784075866 
60343904 
1245014152 
1233393601 
3943104013 
3985433184 
2603285179 
2998001506 
3086590916 
2703317760 
10542336 
1175255303 
2860515547 
2954117434 
2242887922 
2706174142 
24119717 
4041004713 
3372904196 
555529198 
1861142508 
4240634636 
223990326 
1697653466 
1295881476 
421553590 
1043191417 
1770106329 
3990550923 
818242326 
3162478903 
712262462 
2114317384 
47013235 
3116298148 
3363844070 
1123199273 
3881057883 
2425357228 
962986279 
144664246 
2507978535 
359373540 
639255572 
2890776884 
1921181871 
2305975500 
3503821110 
3571476644 
1459345452 
652647068 
799584782 
2936236599 
659844053 
3050508332 
2342420056 
460569570 
1730743947 
426988898 
1544021167 
231673108 
2161109544 
2342085556 
1865336873 
1892223507 
1690510273 
4164604806 
91918200 
2309432091 
1669507324 
3181544850 
2288218060 
2273237921 
3263598934 
456102227 
313791349 
3345909567 
1639630347 
4129367886 
61877185 
2689630005 
3525618230 
740897981 
1330031828 
925250486 
69426868 
264286322 
1147090232 
2452449860 
1088102378 
929924021 
2783725711 
3035129309 
2539989643 
4129103416 
2842252482 
1977716007 
1005938777 
2037520925 
2058551835 
2600703909 
2193955682 
3999500489 
1093496422 
3550055181 
769525542 
2998494675 
2518109321 
1921860825 
3151519734 
2020945857 
1539659367 
459373165 
3681427033 
3603323829 
3385509515 
2932570831 
261779573 
1764553837 
3984329372 
1799217908 
2062773859 
133390989 
2980653506 
1978870800 
2168043154 
2985299357 
2878315786 
3991408942 
2331648088 
3425367463 
3355282244 
3793109574 
3705399425 
2871200848 
3170485483 
1498212627 
3890084551 
2550576004 
845455441 
259390060 
4168214651 
513112680 
3414573458 
2929392040 
1603808984 
1256646430 
97802276 
3654358407 
2600861080 
1134277208 
1927851237 
2231137774 
2937767885 
1504287092 
1458515893 
893609719 
2397845555 
3302861926 
4169354320 
3786198703 
2012652179 
208223644 
2030312094 
74374284 
3531818334 
981855575 
2378903453 
1337103912 
2081399834 
1858917819 
2861312655 
3529592022 
2375160586 
2412231545 
1311705790 
1470876940 
4109829926 
4071019460 
64707162 
123286925 
4156968478 
4268017575 
2938026193 
2272298114 
437471524 
4007637129 
1627786576 
209336982 
4134391175 
1830700257 
4282967496 
421310214 
1758612880 
2500866545 
3437162999 
2571268752 
2940821326 
2612582048 
264720105 
1291188734 
1198251946 
2597533114 
3727731208 
2468191945 
3208302262 
1389616462 
1901667494 
884862822 
1797102411 
2585531634 
3503873855 
1480144524 
2276011067 
778743648 
4112064502 
546470878 
4006331334 
223796227 
1690506152 
1045279678 
726272249 
1375005931 
720197851 
3605438310 
947735798 
953316438 
1946764279 
3359007886 
3506459938 
4064277031 
2488643133 
1126350694 
2642960624 
2248577679 
2496609991 
3569466412 
3183295258 
3522270846 
2379458444 
733215526 
4226114768 
449066370 
1934227131 
1649023505 
1579038252 
3519194574 
3180768733 
2738327067 
1042840088 
4072458155 
2048345435 
3472159174 
2627136241 
1270365413 
1674236657 
884448785 
2137161713 
3527751884 
756116348 
1524590727 
294693144 
3482228136 
3858640939 
798564123 
3231101813 
3097155742 
1627998928 
1726927485 
4103897683 
769170512 
4168781118 
3396260728 
1807214188 
3283896320 
2474789793 
3619522157 
426499854 
3019593272 
2859768818 
3228285723 
2110419763 
2834360926 
1497038121 
1806238683 
1443596671 
2771935387 
FD = 3, partitionSize = 21995, startPoint = 65982 
OffSet = 74174 
116322006 
3069179560 
642120935 
2082916310 
2164080201 
2412596138 
1725585256 
199773281 
745221213 
2052250462 
1426374333 
1674520873 
2824623204 
3142426352 
2757800271 
1503578029 
1342814157 
759281895 
725400939 
3052083283 
3568756052 
1948961521 
2685186533 
1182334920 
803763637 
2034742737 
2386013537 
3057483433 
1250567012 
961886778 
3474868873 
922272071 
2626414067 
4020300967 
1055272107 
1228358921 
1347396860 
3772584063 
3752358707 
3869307035 
1623781147 
3043166443 
2671536722 
3158832490 
3027964380 
2896531558 
1243722776 
500781996 
2998552858 
826768143 
781774623 
3857123475 
2764741116 
194524852 
3644197865 
3935775255 
3613964592 
2252861973 
3094112227 
3471000694 
1872477257 
3934950989 
2950519692 
3269132507 
3627195583 
1255650716 
3011408249 
1064925679 
2971120584 
1419135490 
169859966 
617159447 
4159296215 
2815280890 
3706342662 
3314746073 
2609824423 
3597758902 
4109545192 
2699163397 
3264873906 
511778346 
1128344742 
4012201924 
3538519117 
3017053501 
147414215 
2408394484 
2079316219 
3914276416 
3760531643 
292001052 
3839514434 
1104359765 
3039854518 
3453851270 
2460931968 
31893233 
253858364 
540015800 
2939148566 
3388858892 
2410208568 
2653491414 
3577017076 
2370013101 
2804859720 
1046746457 
3240243449 
4148784288 
144448962 
2825660986 
3044704116 
4091824473 
1307524988 
2261530809 
3208070412 
3698976337 
2829331339 
94570856 
3713240212 
3157798910 
4076148447 
1307061357 
197778783 
3689632792 
1468005331 
1481722238 
667009981 
56460083 
1214482404 
327833544 
348346201 
3926854531 
3772786928 
1437655860 
321996432 
3048330937 
3049978749 
481142137 
2257036696 
28961748 
2809301335 
3146692166 
457407512 
3369267955 
3255343088 
2388853896 
215592919 
441302243 
3526811330 
1158051295 
1730781110 
1126558334 
2578122908 
2507032412 
2024403094 
1214677758 
161520328 
847743527 
1864581602 
2985154645 
2784547641 
1051892875 
2112581702 
542115164 
256020963 
53900617 
2824744377 
1746780979 
2065612372 
3849363730 
714118874 
1225430369 
930433484 
884921316 
3713252160 
3405100025 
4092285260 
1323846449 
3981267484 
4280238618 
1974067676 
3527738783 
121892421 
3301875612 
1071205851 
961163791 
68247949 
2888145221 
1395888480 
3621321600 
4116213989 
1877863901 
490516857 
646463926 
378127893 
3806773304 
1359021107 
2187008721 
1632947215 
545420060 
2141038090 
571384449 
242159950 
1553789745 
2243822261 
2716432977 
2818567273 
3093275062 
2857094779 
1180980895 
1752112711 
1167773862 
1017140906 
1874045982 
1735270952 
3619491960 
3150974050 
2929967905 
2011276362 
2223983420 
896293906 
2204184676 
2406963619 
2679125331 
3772823787 
68781088 
3863321950 
4282519980 
436354105 
2098783237 
521551186 
2040922123 
3487048445 
3089922688 
4070470859 
1834461460 
2856148017 
3004497242 
3113790103 
3550270189 
2570406612 
1084806403 
3574858434 
1280297551 
133810749 
4012183045 
1448457779 
911539704 
3897348449 
2013926746 
1913917932 
65859512 
2592800548 
224729601 
1821410241 
1710640726 
921884093 
1986591724 
2033670473 
1203707044 
173789808 
197940882 
23442415 
1980753814 
3656286032 
3857849825 
3591710738 
46232857 
4154938599 
3007633813 
2515405911 
1769589763 
2491885492 
118795917 
422304201 
3823346628 
3432414297 
2530789021 
2331474112 
210304175 
1616965869 
1222997868 
319566137 
3149842113 
450314546 
3736655266 
3364891446 
4174749206 
1778919869 
1643674590 
1410479377 
4265789807 
107940101 
1609081777 
64699983 
2627477169 
377677995 
4290770978 
1839586214 
4058678303 
2344250494 
1516142687 
323961337 
2518255399 
1870696430 
1150844975 
3054454178 
1624143061 
3171066879 
1068640383 
2314892285 
1612278109 
2218212460 
3444595857 
2325239581 
3385778966 
3318763857 
1025335163 
1414680931 
2487112663 
4262609078 
1662561629 
200966003 
2836161135 
2152636630 
2799093762 
954206037 
2278562903 
3696711771 
244399202 
858589751 
1402603164 
668938759 
62049057 
693548068 
2981503450 
2259121649 
1880313352 
3463578356 
336871943 
3394689386 
628566591 
2926670906 
3439130284 
2647367549 
2877301536 
165018307 
2138608956 
1406189354 
3042303173 
1261714547 
2156030144 
1245224338 
202301075 
208971922 
3628399199 
4028399333 
4272802134 
30202240 
4240907497 
3182455079 
3387239429 
4291617820 
3587601359 
927085878 
1826299488 
3094915379 
2340400035 
666015742 
924064156 
1075865619 
1723739805 
3233934126 
1734971892 
809963496 
3166461364 
3007458413 
1382506204 
3280447043 
1281953491 
2261591614 
1049712209 
3202547075 
2788794755 
576627474 
2485049791 
2305362910 
4232533605 
429219890 
1617146287 
2388582786 
1709717063 
1129989219 
3994834827 
1552225296 
2022472622 
1201806619 
2517301399 
276987538 
3799890791 
3966397386 
2525879973 
2858476218 
462528764 
4273442233 
3623618463 
4133972804 
535951117 
3485690486 
391604518 
1029501684 
1245034953 
2867020667 
3251362043 
191270546 
3157402551 
2753518428 
75481348 
1089674743 
1720879781 
3929567969 
3334557657 
3649345540 
2733727175 
695951673 
1321373545 
3517680843 
3020775822 
3000024965 
2509251558 
1891634776 
1580808495 
608448273 
3498795310 
1229505697 
4067474218 
254422619 
4148956653 
347915902 
3153583100 
2198299313 
2932479744 
1942348778 
2995025813 
2363056452 
1382516058 
1157250609 
2058480427 
2043640005 
2342278566 
1235162556 
950699373 
3304538750 
3324727273 
1534759496 
232308769 
780678637 
825832506 
2741605993 
3500981172 
2939338928 
1279564666 
834773852 
185681709 
1188214293 
2275939279 
3680219233 
2921773005 
1745383157 
717168423 
389197737 
821487257 
3502423882 
4042072020 
3269004365 
883640346 
2627553064 
4220738295 
3278618666 
3563683411 
2706479779 
5163713 
3926636616 
3219269600 
2062585333 
1753631725 
2320676839 
2709580452 
3515043993 
1176892057 
4014137622 
1892673593 
2778668538 
1086220940 
165433239 
346664020 
3167262880 
1434536475 
3896025280 
1015555968 
1665078301 
3050162624 
735832689 
3964306765 
1018644675 
2397810206 
800446750 
2379285007 
28538040 
4219745950 
4065050813 
2479914052 
2319283609 
1464532783 
373332129 
3687210134 
3268020929 
740730159 
3273895367 
879851860 
1854785026 
814372120 
515565106 
281687678 
2944143140 
3191585147 
3844457912 
3413519177 
2449966235 
2773044246 
1572926352 
1790471592 
3101119026 
2270272090 
3312423028 
1993505256 
2725314885 
825620246 
157074575 
135663487 
1172635910 
1845889025 
1462981796 
3552576994 
770559304 
1087953312 
1845444640 
708963907 
3413166360 
4099393993 
3353226368 
3556396246 
1892549659 
4081033351 
14976593 
2845613392 
159623626 
4089523950 
2103217712 
3258575450 
3348655375 
2846574146 
3563403943 
4129122896 
3618463758 
1009923803 
722195904 
2410329492 
2649744682 
4204377950 
2209315405 
3042804474 
3194041093 
4028729226 
3133493630 
3919587725 
1319870179 
3452674844 
1916251877 
3049584693 
2488207496 
2899646315 
4217513852 
3946429901 
3858119336 
3893239804 
721004003 
2950493618 
151903501 
656253579 
2040471987 
1625866749 
2046272244 
1859654877 
183467234 
2469758767 
2556108382 
3443849566 
2785570964 
1247788920 
499559225 
1543244751 
1146711046 
70428169 
1454676805 
726602532 
2881788861 
424295543 
2607045809 
4166939485 
665717582 
685553779 
3663373845 
2045498188 
3359995870 
3768032551 
3501412037 
1371776970 
1295434758 
967476082 
1501825272 
2669751764 
784537600 
3235883819 
3186971884 
1247177794 
887688213 
4063861016 
3200237143 
2298205251 
1728978290 
854807266 
3416625974 
2681254643 
3542698531 
1902737307 
2131431549 
2512494161 
1979544934 
766121656 
1315324555 
2724171003 
80075338 
800358653 
809870770 
1727440784 
1579339450 
1054936009 
3420172875 
2290625864 
3561388699 
2466736388 
444226464 
2348530639 
3080001011 
3148966472 
1930150913 
102831505 
135465689 
571319685 
2938311101 
4281399304 
2097583267 
2061678583 
1324127638 
1305427404 
2111095313 
4259119677 
2125959569 
1952798176 
2390368684 
262156801 
2488248332 
555375182 
1311973122 
2174664349 
3248032260 
2246049265 
3528874952 
1431128204 
1679039760 
844382918 
3302238308 
2173858160 
3936533093 
1406705412 
490105408 
4115826456 
3025558993 
3280569713 
3553927392 
3648034937 
3829048981 
1884997219 
4016998754 
3911550829 
3093476173 
1165391428 
2487365383 
2047802006 
1241604691 
1828808304 
2311337465 
3285974053 
1421905873 
2208299207 
764277235 
267774062 
2065880485 
645672458 
362381208 
2557722708 
3838815979 
3565363897 
4126891826 
1765189518 
1270399799 
4162424877 
2274387176 
1251703525 
13034405 
2004841693 
2401680890 
4047120107 
3006071667 
3724910789 
3850599314 
2015467467 
762821073 
1169771828 
2030288803 
1386971823 
1905523923 
2165716160 
125481197 
324100088 
3087465987 
3906219709 
2804378183 
3414942806 
1671869830 
4145202753 
964239971 
957576443 
2548279393 
143428762 
2093275396 
2916375315 
3192583136 
2613061776 
1050803367 
2563392074 
2464598023 
1210461410 
2154453626 
3733001544 
855484161 
2168333873 
302670686 
1740323408 
OffSet = 82366 
2750209496 
1527575820 
3924904063 
664602713 
780916881 
2988865608 
510359442 
2749839117 
169773081 
3044204799 
1204830127 
3332766391 
1553438211 
3255571378 
4218127450 
2389086553 
1554155049 
983171890 
739484750 
1140044670 
3964048246 
4071110844 
4055024291 
941150185 
1695989486 
3063633684 
3586830164 
2101561568 
4135436759 
3604733955 
3271393954 
3422950828 
1594840103 
819083790 
1925107674 
2778546016 
1896288894 
2587631759 
2247581327 
3946266763 
2223194981 
2316475418 
1648340142 
99743104 
1052322329 
3946915656 
2121957306 
941450300 
154074032 
2572280098 
1443094901 
3633500945 
1572554096 
1838295208 
2672667396 
893534514 
1526226604 
2459714784 
432925618 
2497077014 
2438035087 
222672247 
332158640 
1895178818 
1020745634 
845522029 
1290784566 
1107316630 
37204324 
3676274685 
3620766328 
3558658199 
1308832290 
504728625 
3824410763 
466350336 
3477744061 
684649161 
2002190839 
1409444264 
1964539653 
955626120 
3217552354 
1594431130 
2596180978 
535011987 
317538797 
1913917984 
4027069592 
2284164412 
2462266304 
159222894 
2344204736 
3354298644 
2378044307 
4175882381 
405403493 
869901071 
2392210594 
3721583193 
3162197854 
1095249977 
1336418862 
2425600191 
2104630206 
305044282 
3973658028 
1017519850 
2743847351 
1147773867 
1047710701 
2709651270 
805288318 
3849674612 
1763041362 
3630460216 
359385201 
171856771 
3628184761 
2644686464 
536459449 
1557387800 
861846384 
4165593237 
2286183634 
3926586826 
3000890575 
1652207748 
4126602311 
3227592771 
3221559308 
2388428180 
323954949 
1324973444 
1062137439 
1702380199 
1389577186 
3657126182 
3645221627 
3688789753 
3097621899 
1846578996 
1953088226 
1059260651 
2514578501 
3053864962 
3100906595 
3157553456 
3165498000 
2541353454 
1801309061 
2238470595 
4280649880 
3508284135 
557011810 
1244796989 
3172996871 
2689306835 
785056208 
2161892003 
1441976731 
1362379100 
1902188224 
3047848025 
1183241232 
3162515905 
3283770485 
368698114 
214364948 
2557095108 
885567700 
3764831477 
1815551779 
1259649525 
1811662683 
1372618053 
176413686 
2656165276 
4008484256 
2675061949 
3451406655 
1274672988 
3809019798 
2270810390 
31577069 
3587458986 
601550816 
3048546238 
3108744324 
4195911593 
585373316 
3192073673 
1172589690 
551107920 
3032212145 
526530806 
2265754310 
242088978 
2121520293 
2851835242 
1657812074 
2092456356 
182459980 
2633007554 
611921962 
3849689507 
3346098121 
1559364228 
3641365122 
2540313179 
3598695646 
2845880864 
1310755718 
647103224 
1784330223 
440584338 
4035077952 
1349790577 
3083539439 
3580346925 
508994324 
436415808 
3548328774 
997428583 
2012414309 
2602920917 
238563350 
668385817 
852914573 
1863466767 
3721291683 
333829881 
2697777762 
770147397 
1119638834 
300334325 
1361425953 
685988538 
2511979172 
2128695275 
1025490477 
1671995783 
1838393678 
5391227 
2577229366 
532075581 
419310269 
1986479797 
1755841105 
3404410425 
897671697 
3982701082 
4202508854 
2810968135 
3590995086 
3463545444 
1379923923 
1699032457 
4215773833 
400272176 
1908490179 
3175338469 
3464538196 
1659259360 
694229117 
3180779282 
3187105797 
2440124814 
2210187291 
2744828916 
1839602984 
1683637148 
3144638551 
3167297825 
2184511931 
2701548405 
2025056629 
3493250876 
651834763 
2035526140 
48451374 
191734497 
3061890031 
771346133 
4076753626 
812835680 
2586065731 
975018781 
257104324 
2935233413 
1139892738 
1448647990 
1635994511 
2619863644 
2109138656 
2032506697 
2609881241 
3906316117 
2879172004 
4240110654 
3739118675 
519143365 
919482793 
183210836 
1710744124 
1730096702 
3557105780 
140856725 
1016939653 
1221701080 
2319358435 
3620673876 
2437491942 
570849057 
2475139240 
560870795 
924423147 
1258168410 
3748727776 
846445903 
3490824119 
3262121586 
2075418913 
2326796134 
1221348279 
3042674957 
1847681693 
2023199246 
3849162696 
1738700874 
3986472623 
3510539536 
887076807 
3933603177 
623282556 
992472556 
3704298177 
2135139254 
1348111792 
768120573 
603823891 
4097516526 
1582574074 
1925489329 
2034929210 
1664608103 
1421225417 
2977854501 
1438690622 
3287670482 
3125139283 
441177169 
3691490689 
3333025936 
474733884 
3192519619 
538101232 
829648488 
1217934606 
320009096 
1580116483 
3263359073 
457023066 
316147299 
1434039953 
3335527924 
2327789175 
3785323682 
2242287357 
2123113517 
3143400998 
4187117334 
133847081 
1995153549 
493525187 
939255149 
797219328 
3017651723 
3691956216 
114137717 
2882244072 
3025814429 
941914516 
1382751985 
1617782498 
1943976516 
874278164 
1663280128 
275568902 
2835833964 
1888197029 
76630014 
3863120875 
501079888 
1362253918 
2397249184 
1884260448 
4135285836 
3668835516 
2579492524 
2935769782 
375076677 
3398437419 
3810053232 
2706644901 
1852905524 
3961113436 
3980689695 
4143172270 
619034079 
1488868634 
350579789 
2420937981 
2859712854 
2003526297 
1721169342 
15998495 
2698044525 
2986344419 
1051851056 
1256732516 
2412553808 
2014999643 
3414559069 
1427653169 
3969087138 
2450352344 
2763093516 
3457534171 
780731685 
409218392 
3245781420 
1664734112 
2217674074 
729638077 
914572886 
1496272759 
626941830 
3159604333 
973840024 
3074078803 
3506639243 
2664732902 
3156433351 
2279651282 
2140876580 
3559879735 
569371322 
4045901868 
3050991830 
1108467007 
1700224885 
542306626 
1523332392 
1347734209 
3133457925 
1716016301 
2745297708 
1914481514 
3356949557 
3184171871 
1409653654 
1105316246 
1715685995 
1512792869 
3331053166 
921697063 
1000639080 
6915773 
1703677574 
3070723026 
3925609982 
1722361664 
2183355561 
2386558128 
1020761455 
3259066994 
1734726666 
2935088794 
2627185438 
3440383459 
1677249846 
1357582842 
4083503402 
4105675947 
4284770976 
2849373223 
4249489948 
3878408656 
1092558948 
3250597294 
437610075 
3862480334 
3507184496 
3550023609 
3617358272 
1868886864 
3929220365 
906426982 
2805018211 
1847053625 
1847611879 
3938812222 
401163878 
1346300116 
2106780328 
818183723 
3323816801 
1601461031 
208516869 
3305755975 
1408360028 
163088253 
1675392851 
2350080879 
3540504768 
3879209052 
103296703 
1100826016 
293679156 
3747787276 
3863842010 
3474919374 
3100496925 
2924882641 
1568084378 
2131696784 
431729463 
4018019535 
563294058 
2804794738 
2362957903 
639777325 
1405073912 
3134903577 
3546732706 
2796480281 
4273687227 
3949254269 
1133194593 
630126297 
1144029081 
578480041 
3475784498 
3456130198 
595881406 
1038337126 
4107721519 
3493548645 
3848528149 
882818404 
1039276928 
1210675273 
3280239043 
3127854637 
4069453053 
2414739694 
1059825096 
2559226930 
804309062 
812892062 
2667152699 
3276874253 
2237180175 
2937971439 
798437992 
2386918513 
2280517784 
2699958752 
3056582044 
2689301738 
294259609 
166065524 
1361073553 
1374755217 
865867262 
2144792249 
3462578306 
3476704989 
2257012213 
3185252373 
762755679 
356061257 
2302091001 
2856875461 
1394141181 
3876771646 
4004505176 
743008591 
639154843 
3751500824 
2934301655 
3359438187 
3112065948 
1648223138 
2974278176 
3988442360 
1247276231 
2509416781 
2424928170 
3403930635 
1557876748 
4172796801 
133886101 
224694212 
169379868 
1900260910 
3323936293 
4193866976 
1304333973 
4277283373 
2556020163 
2876265319 
1614890266 
2805196371 
348561656 
2028337123 
2082034866 
1136967940 
2431131589 
4203601539 
397307325 
525022995 
3502992305 
291886188 
3062766406 
4079300713 
3073572964 
3723768731 
120350953 
2473363523 
2369099405 
3507845652 
565295400 
3822385380 
2944056041 
3893666447 
2499412637 
1822383728 
3382533943 
3232475652 
1515799627 
3873442884 
1473770070 
1744333386 
1930846180 
3064919646 
512620705 
68646549 
2107257338 
3271376301 
1405904854 
3412584184 
2055765708 
3131396793 
2584023036 
3490174119 
4063234338 
967148482 
3391863418 
3692385226 
2714930795 
1104239196 
2041112502 
3557183503 
1951511970 
3715928392 
1375252064 
457844072 
2965916284 
1178560747 
1849356774 
3356290702 
1003052195 
2267896438 
1545867386 
2982744273 
4182476853 
1540709338 
3349237834 
1855597658 
1425805330 
1746976276 
3354530967 
3536569398 
1045018615 
87685047 
534212577 
684848084 
3647516079 
2609814902 
3226972418 
3132205016 
3668627562 
3705116354 
1203145245 
3436883135 
4160396315 
1318034375 
1940778322 
2720546977 
3888976703 
231944814 
2044257702 
1814958325 
884358678 
1835629369 
490175412 
752698089 
974930954 
2997292072 
3981175595 
428936539 
2918759135 
2552546870 
639531609 
4228003594 
1873558877 
2429462284 
873109461 
3402258055 
2605939579 
1517465416 
1427990755 
3019287043 
2887659137 
2837217148 
3197585140 
3109592801 
3175015635 
3815411510 
2609422751 
1101576987 
2402219613 
2823085910 
664196431 
2807877473 
2839465851 
2262563414 
1315035449 
2312645275 
3309869828 
3209107686 
3658724193 
2269974159 
2305354188 
1169347542 
4082840930 
1878473613 
4047059460 
1730841893 
3713152796 
3159443194 
2510070874 
591874626 
4106586161 
3877277403 
1911785609 
3642666202 
746223359 
4252787741 
OffSet = 87977 
3609407963 
742822256 
1836884910 
2163596778 
1837111771 
3428615314 
2615154255 
3700409496 
2286120815 
3549191921 
3194105104 
1229421596 
3721066158 
3261998624 
271514217 
2440989966 
2054001277 
2907173527 
1451285308 
283604529 
1416629250 
2078873052 
1227526457 
654380216 
1785021083 
244407856 
1824304092 
3961852925 
619172583 
1508690804 
1049784084 
2239301702 
1923681565 
878020054 
4230523653 
3459081336 
919884895 
2304416116 
3913265681 
885508865 
918734517 
995486157 
1606965658 
2720547899 
3658381902 
2294663477 
4260418643 
4025511588 
4208621815 
941558136 
1641797120 
1580604721 
1011392776 
3285123130 
694170911 
3136221962 
3901791402 
1038418426 
2017670092 
587440737 
3009308740 
2241250413 
276753254 
513860857 
192314547 
1047073300 
2924306079 
1214727541 
2646449372 
705761771 
3673514391 
3701992717 
1555890338 
3533681065 
3766164338 
1801978600 
4278893337 
1653625956 
82269658 
3175464219 
473066797 
1076790359 
1764401476 
1664223536 
3323455328 
3681652751 
511164748 
3321665813 
681753751 
2996143582 
3449130045 
1112536118 
1455224746 
3213254002 
4168964647 
2442028926 
1038020392 
2476216071 
4004730884 
3846112454 
357086088 
1411576995 
2647017070 
1910931281 
3296479744 
1684080301 
1014561990 
2380786089 
2694866859 
53507194 
822010454 
985324970 
1402226204 
2469419855 
1197529783 
3646841708 
1727272670 
2398872351 
2909157233 
2624598067 
1013096543 
3930302001 
420208375 
2024937270 
1996383726 
3152667276 
1649184530 
2010059760 
2977387132 
2656966679 
3369516793 
3000729731 
904141030 
1276315051 
3433214619 
3267354342 
358521973 
2590611808 
62492869 
1406451069 
1476195416 
62074156 
3671556242 
397261642 
2301012104 
1585828584 
2933162446 
2011662005 
737462392 
3548446119 
1996483825 
1179648641 
1506332763 
1715704389 
881745537 
2619821807 
1486028256 
3798981272 
2020052303 
2554525085 
1852014416 
1797813208 
2830615805 
2703562971 
133155253 
2926858340 
832697477 
3002897381 
4210494721 
863605800 
1891553491 
144035993 
601680352 
202102008 
2121306931 
1399525199 
3136341270 
3205601048 
142125306 
2057342631 
2763439282 
543114820 
1319887961 
2166952976 
992868939 
2721943834 
2407721544 
2333536435 
1015689155 
428338904 
4064353530 
1972253671 
286507242 
81940490 
3623428987 
2247707140 
1116463607 
2004853665 
3012455102 
222075563 
2411050672 
693795120 
3278383111 
3697284986 
3671371953 
2273743727 
557786583 
229576117 
4288679612 
661150152 
614932794 
3937893236 
1829779920 
3923661677 
2113164043 
446047697 
3306972001 
2804426313 
1927727210 
3612581853 
2122000428 
150554354 
1099447 
3158737098 
1250363722 
3616679305 
140732196 
1534830675 
998647932 
476205318 
474237198 
1302309900 
3149362403 
147725489 
1493695690 
3257906855 
3600665149 
2187578447 
2809593407 
4118812364 
83339974 
15622484 
563758238 
1035100455 
4009828201 
1611478168 
1309678288 
2010134857 
364435569 
789087403 
1191297421 
1108638783 
1578783831 
429224254 
3883938278 
2127335471 
534295938 
419272520 
286917955 
4284357291 
2265202244 
1041741824 
1763376751 
1236203738 
4249667582 
1294334259 
2378514518 
316943356 
2351718234 
2343514647 
3731101209 
3527206381 
1332339560 
322673935 
3472401397 
3003790021 
3703694995 
2643423375 
2697981637 
3544713687 
2088128721 
2828727229 
20621901 
2864441503 
2200893460 
3708673351 
78741130 
3857167374 
1888636847 
3057767408 
663014215 
1839642778 
310172432 
461280972 
3515612686 
1896369771 
3186154387 
1878329946 
142422977 
3334376648 
4106507808 
2449813440 
1162096737 
1254712677 
1137263883 
2165840270 
3088281895 
2844323272 
3520720482 
525263446 
30304300 
1848741271 
102991111 
2650628643 
58593942 
130777027 
3385352969 
1379627309 
3662260877 
3073426998 
2334045097 
3866931323 
3013618224 
1665623575 
4084433711 
1043964297 
381984183 
2455195748 
1462189096 
200136058 
2598620069 
143624719 
400377279 
2275969640 
658033141 
549379340 
1606135428 
1480158530 
1938686433 
3010697884 
2398292497 
2009046109 
117893903 
2741119711 
2996392771 
2543146905 
3730079977 
1213253205 
3886487088 
2107278805 
2450752318 
1827417134 
57494852 
2252744386 
3813869990 
2144737395 
543345119 
607441046 
970254734 
2691216290 
2007616336 
2751533670 
3532714907 
2297898318 
2480124165 
4157908157 
1444579954 
347231650 
4077325542 
953687634 
1092358885 
111644697 
1513839361 
1466822599 
123011459 
1601077353 
1786164886 
1666180012 
3958552923 
1350315580 
3456686334 
3763988418 
2164011805 
3266849720 
4107022506 
4048907459 
3247113248 
707029946 
2132650288 
3077120582 
3635066328 
2995341874 
4030908500 
3926485691 
1400979702 
1434136947 
3896436179 
1483574845 
1912496622 
3444097491 
1412492922 
3399164002 
2157252091 
3466280174 
4266096215 
3119895407 
1810450532 
2196311135 
4248464789 
1661357271 
35262239 
1724310522 
3660429970 
2428100288 
3102804472 
3733337950 
1370049888 
1937990250 
4030498978 
1747306752 
2829322382 
1152190333 
560199343 
3292638763 
4247904521 
1325434189 
1151214579 
3446787261 
3577754566 
333994052 
1313510547 
3558673236 
1706204652 
149618573 
2332294752 
588038667 
954468244 
1912720114 
2344248998 
1137734169 
2555844830 
3049864549 
2931414514 
314645082 
1177484702 
221455460 
323906330 
1811888318 
2378294465 
2325527004 
1591453467 
2009940594 
3511184119 
1070230204 
1797276179 
1718409887 
3546843060 
1113871172 
3011013385 
474295653 
977498237 
3325781894 
3125568379 
1194935394 
2033164309 
28387739 
3855304598 
4037404080 
35857744 
3957019382 
3332129808 
1383653548 
1840284171 
588554094 
768177143 
1542255236 
279904895 
1467981046 
3439555803 
2638088070 
1238240112 
559193440 
628024005 
835708714 
2761537474 
742162888 
1903398113 
3572269412 
2634856536 
1823508121 
371380098 
3075804615 
4264897879 
174693104 
3150764264 
2958548583 
341269383 
3205811348 
1404231392 
3603212673 
2532031185 
4171649665 
629455015 
2513071952 
3147914627 
135354222 
923641709 
3338450513 
3551968421 
851339456 
435418381 
1749675823 
3638759868 
2178235021 
808066264 
1241671463 
209122180 
3571273084 
3459986122 
16723665 
522921830 
1104543218 
893171913 
580642116 
x 8192
    N           Min           Max        Median           Avg        Stddev
x 8192            55 5.3685378e+14 2.1248196e+09 1.1126773e+11 7.1240632e+12
