281945888
1425544361
2609014540
2533097737
2516609491
768367466
3219079989
2704726288
55291339
3041016301
1518803253
4199163055
3942700847
4057844605
75413295
2645004995
2148029081
273779156
2214703997
942912805
532155726
3723171808
4233330158
2443375325
1468189327
2182822120
1178688415
1702777684
1402178407
2398093413
483212275
3281287555
3530517923
467276713
3362601818
3713521129
1319852006
2942507398
1660208847
968583113
3222637547
334510104
3281602418
2885888685
976492526
2353479192
2781818053
67080156
931682324
1173558362
1349263890
2753395302
1299736903
1388294293
1160421935
66397211
2776041548
2234664472
4181599677
4039904926
973740290
2365330930
1618806348
2022400146
2328364964
1025001222
3950896148
3582763513
3848258930
2738906195
1860428179
1743732552
1789088699
3776282963
672591035
1336176731
2171618059
1825698851
452523750
1062211067
3120911852
2950588874
2581584662
687389453
2164970150
2117177072
3254596148
1766485235
423621847
815724085
3990417819
4253590293
1064701474
928401706
3188722029
1548705877
3566047537
3428051634
2552846486
2665810620
